debrisframe/data/debrisParabolaChanneled/Inputs/DEM_ParabolaChanneled.asc
ncols        401
nrows        301
xllcorner    997.500000000000
yllcorner    -5002.500000000000
cellsize     5.000000000000
NODATA_value -9999
[rows 18 to 35 of 301, columns 360 to 399 of 401]
2.5295943117953356705e-09 1.929707504899624837e-09 1.4695822336818764597e-09 1.1172729408315262845e-09 8.4797946442449756432e-10 6.4250160747292284213e-10 4.8598680635336677369e-10 3.6697533900564849318e-10 2.7663649149189950549e-10 2.0818236023956160352e-10 1.5639933792499505216e-10 1.1729950344374628912e-10 8.7823082139948382974e-11 6.5643046553987005609e-11 4.898081940041265625e-11 3.6486369481281144544e-11 2.7131630275789575535e-11 2.0141666112749589956e-11 1.4925838343060604529e-11 1.1044498648971057264e-11 8.155698338896399946e-12 6.0129679013698478229e-12 4.4275694222051242832e-12 3.2529534621517086634e-12 2.3869795029440865619e-12 1.7474910407599963946e-12 1.2767564783189300215e-12 9.3258734068513149396e-13 6.7945649107059580274e-13 4.9293902293356950395e-13 3.597122599785507191e-13 2.5979218776228663046e-13 1.8873791418627661187e-13 1.3544720900426909793e-13 9.7699626167013775557e-14 7.1054273576010018587e-14 5.1070259132757200859e-14 3.5527136788005009294e-14 2.664535259100375697e-14 1.7763568394002504647e-14
2.5295943117953356705e-09 1.929707504899624837e-09 1.4695822336818764597e-09 1.1172729408315262845e-09 8.4797946442449756432e-10 6.4250160747292284213e-10 4.8598680635336677369e-10 3.6697533900564849318e-10 2.7663649149189950549e-10 2.0818236023956160352e-10 1.5639933792499505216e-10 1.1729950344374628912e-10 8.7823082139948382974e-11 6.5643046553987005609e-11 4.898081940041265625e-11 3.6486369481281144544e-11 2.7131630275789575535e-11 2.0141666112749589956e-11 1.4925838343060604529e-11 1.1044498648971057264e-11 8.155698338896399946e-12 6.0129679013698478229e-12 4.4275694222051242832e-12 3.2529534621517086634e-12 2.3869795029440865619e-12 1.7474910407599963946e-12 1.2767564783189300215e-12 9.3258734068513149396e-13 6.7945649107059580274e-13 4.9293902293356950395e-13 3.597122599785507191e-13 2.5979218776228663046e-13 1.8873791418627661187e-13 1.3544720900426909793e-13 9.7699626167013775557e-14 7.1054273576010018587e-14 5.1070259132757200859e-14 3.5527136788005009294e-14 2.664535259100375697e-14 1.7763568394002504647e-14
2.5295943117953356705e-09 1.929707504899624837e-09 1.4695822336818764597e-09 1.1172729408315262845e-09 8.4797946442449756432e-10 6.4250160747292284213e-10 4.8598680635336677369e-10 3.6697533900564849318e-10 2.7663649149189950549e-10 2.0818236023956160352e-10 1.5639933792499505216e-10 1.1729950344374628912e-10 8.7823082139948382974e-11 6.5643046553987005609e-11 4.898081940041265625e-11 3.6486369481281144544e-11 2.7131630275789575535e-11 2.0141666112749589956e-11 1.4925838343060604529e-11 1.1044498648971057264e-11 8.155698338896399946e-12 6.0129679013698478229e-12 4.4275694222051242832e-12 3.2529534621517086634e-12 2.3869795029440865619e-12 1.7474910407599963946e-12 1.2767564783189300215e-12 9.3258734068513149396e-13 6.7945649107059580274e-13 4.9293902293356950395e-13 3.597122599785507191e-13 2.5979218776228663046e-13 1.8873791418627661187e-13 1.3544720900426909793e-13 9.7699626167013775557e-14 7.1054273576010018587e-14 5.1070259132757200859e-14 3.5527136788005009294e-14 2.664535259100375697e-14 1.7763568394002504647e-14
2.5295943117953356705e-09 1.929707504899624837e-09 1.4695822336818764597e-09 1.1172729408315262845e-09 8.4797946442449756432e-10 6.4250160747292284213e-10 4.8598680635336677369e-10 3.6697533900564849318e-10 2.7663649149189950549e-10 2.0818236023956160352e-10 1.5639933792499505216e-10 1.1729950344374628912e-10 8.7823082139948382974e-11 6.5643046553987005609e-11 4.898081940041265625e-11 3.6486369481281144544e-11 2.7131630275789575535e-11 2.0141666112749589956e-11 1.4925838343060604529e-11 1.1044498648971057264e-11 8.155698338896399946e-12 6.0129679013698478229e-12 4.4275694222051242832e-12 3.2529534621517086634e-12 2.3869795029440865619e-12 1.7474910407599963946e-12 1.2767564783189300215e-12 9.3258734068513149396e-13 6.7945649107059580274e-13 4.9293902293356950395e-13 3.597122599785507191e-13 2.5979218776228663046e-13 1.8873791418627661187e-13 1.3544720900426909793e-13 9.7699626167013775557e-14 7.1054273576010018587e-14 5.1070259132757200859e-14 3.5527136788005009294e-14 2.664535259100375697e-14 1.7763568394002504647e-14
2.5295943117953356705e-09 1.929707504899624837e-09 1.4695822336818764597e-09 1.1172729408315262845e-09 8.4797946442449756432e-10 6.4250160747292284213e-10 4.8598680635336677369e-10 3.6697533900564849318e-10 2.7663649149189950549e-10 2.0818236023956160352e-10 1.5639933792499505216e-10 1.1729950344374628912e-10 8.7823082139948382974e-11 6.5643046553987005609e-11 4.898081940041265625e-11 3.6486369481281144544e-11 2.7131630275789575535e-11 2.0141666112749589956e-11 1.4925838343060604529e-11 1.1044498648971057264e-11 8.155698338896399946e-12 6.0129679013698478229e-12 4.4275694222051242832e-12 3.2529534621517086634e-12 2.3869795029440865619e-12 1.7474910407599963946e-12 1.2767564783189300215e-12 9.3258734068513149396e-13 6.7945649107059580274e-13 4.9293902293356950395e-13 3.597122599785507191e-13 2.5979218776228663046e-13 1.8873791418627661187e-13 1.3544720900426909793e-13 9.7699626167013775557e-14 7.1054273576010018587e-14 5.1070259132757200859e-14 3.5527136788005009294e-14 2.664535259100375697e-14 1.7763568394002504647e-14
2.5295943117953356705e-09 1.929707504899624837e-09 1.4695822336818764597e-09 1.1172729408315262845e-09 8.4797946442449756432e-10 6.4250160747292284213e-10 4.8598680635336677369e-10 3.6697533900564849318e-10 2.7663649149189950549e-10 2.0818236023956160352e-10 1.5639933792499505216e-10 1.1729950344374628912e-10 8.7823082139948382974e-11 6.5643046553987005609e-11 4.898081940041265625e-11 3.6486369481281144544e-11 2.7131630275789575535e-11 2.0141666112749589956e-11 1.4925838343060604529e-11 1.1044498648971057264e-11 8.155698338896399946e-12 6.0129679013698478229e-12 4.4275694222051242832e-12 3.2529534621517086634e-12 2.3869795029440865619e-12 1.7474910407599963946e-12 1.2767564783189300215e-12 9.3258734068513149396e-13 6.7945649107059580274e-13 4.9293902293356950395e-13 3.597122599785507191e-13 2.5979218776228663046e-13 1.8873791418627661187e-13 1.3544720900426909793e-13 9.7699626167013775557e-14 7.1054273576010018587e-14 5.1070259132757200859e-14 3.5527136788005009294e-14 2.664535259100375697e-14 1.7763568394002504647e-14
2.5295943117953356705e-09 1.929707504899624837e-09 1.4695822336818764597e-09 1.1172729408315262845e-09 8.4797946442449756432e-10 6.4250160747292284213e-10 4.8598680635336677369e-10 3.6697533900564849318e-10 2.7663649149189950549e-10 2.0818236023956160352e-10 1.5639933792499505216e-10 1.1729950344374628912e-10 8.7823082139948382974e-11 6.5643046553987005609e-11 4.898081940041265625e-11 3.6486369481281144544e-11 2.7131630275789575535e-11 2.0141666112749589956e-11 1.4925838343060604529e-11 1.1044498648971057264e-11 8.155698338896399946e-12 6.0129679013698478229e-12 4.4275694222051242832e-12 3.2529534621517086634e-12 2.3869795029440865619e-12 1.7474910407599963946e-12 1.2767564783189300215e-12 9.3258734068513149396e-13 6.7945649107059580274e-13 4.9293902293356950395e-13 3.597122599785507191e-13 2.5979218776228663046e-13 1.8873791418627661187e-13 1.3544720900426909793e-13 9.7699626167013775557e-14 7.1054273576010018587e-14 5.1070259132757200859e-14 3.5527136788005009294e-14 2.664535259100375697e-14 1.7763568394002504647e-14
2.5295943117953356705e-09 1.929707504899624837e-09 1.4695822336818764597e-09 1.1172729408315262845e-09 8.4797946442449756432e-10 6.4250160747292284213e-10 4.8598680635336677369e-10 3.6697533900564849318e-10 2.7663649149189950549e-10 2.0818236023956160352e-10 1.5639933792499505216e-10 1.1729950344374628912e-10 8.7823082139948382974e-11 6.5643046553987005609e-11 4.898081940041265625e-11 3.6486369481281144544e-11 2.7131630275789575535e-11 2.0141666112749589956e-11 1.4925838343060604529e-11 1.1044498648971057264e-11 8.155698338896399946e-12 6.0129679013698478229e-12 4.4275694222051242832e-12 3.2529534621517086634e-12 2.3869795029440865619e-12 1.7474910407599963946e-12 1.2767564783189300215e-12 9.3258734068513149396e-13 6.7945649107059580274e-13 4.9293902293356950395e-13 3.597122599785507191e-13 2.5979218776228663046e-13 1.8873791418627661187e-13 1.3544720900426909793e-13 9.7699626167013775557e-14 7.1054273576010018587e-14 5.1070259132757200859e-14 3.5527136788005009294e-14 2.664535259100375697e-14 1.7763568394002504647e-14
2.5295943117953356705e-09 1.929707504899624837e-09 1.4695822336818764597e-09 1.1172729408315262845e-09 8.4797946442449756432e-10 6.4250160747292284213e-10 4.8598680635336677369e-10 3.6697533900564849318e-10 2.7663649149189950549e-10 2.0818236023956160352e-10 1.5639933792499505216e-10 1.1729950344374628912e-10 8.7823082139948382974e-11 6.5643046553987005609e-11 4.898081940041265625e-11 3.6486369481281144544e-11 2.7131630275789575535e-11 2.0141666112749589956e-11 1.4925838343060604529e-11 1.1044498648971057264e-11 8.155698338896399946e-12 6.0129679013698478229e-12 4.4275694222051242832e-12 3.2529534621517086634e-12 2.3869795029440865619e-12 1.7474910407599963946e-12 1.2767564783189300215e-12 9.3258734068513149396e-13 6.7945649107059580274e-13 4.9293902293356950395e-13 3.597122599785507191e-13 2.5979218776228663046e-13 1.8873791418627661187e-13 1.3544720900426909793e-13 9.7699626167013775557e-14 7.1054273576010018587e-14 5.1070259132757200859e-14 3.5527136788005009294e-14 2.664535259100375697e-14 1.7763568394002504647e-14
2.5295943117953356705e-09 1.929707504899624837e-09 1.4695822336818764597e-09 1.1172729408315262845e-09 8.4797946442449756432e-10 6.4250160747292284213e-10 4.8598680635336677369e-10 3.6697533900564849318e-10 2.7663649149189950549e-10 2.0818236023956160352e-10 1.5639933792499505216e-10 1.1729950344374628912e-10 8.7823082139948382974e-11 6.5643046553987005609e-11 4.898081940041265625e-11 3.6486369481281144544e-11 2.7131630275789575535e-11 2.0141666112749589956e-11 1.4925838343060604529e-11 1.1044498648971057264e-11 8.155698338896399946e-12 6.0129679013698478229e-12 4.4275694222051242832e-12 3.2529534621517086634e-12 2.3869795029440865619e-12 1.7474910407599963946e-12 1.2767564783189300215e-12 9.3258734068513149396e-13 6.7945649107059580274e-13 4.9293902293356950395e-13 3.597122599785507191e-13 2.5979218776228663046e-13 1.8873791418627661187e-13 1.3544720900426909793e-13 9.7699626167013775557e-14 7.1054273576010018587e-14 5.1070259132757200859e-14 3.5527136788005009294e-14 2.664535259100375697e-14 1.7763568394002504647e-14
2.5295943117953356705e-09 1.929707504899624837e-09 1.4695822336818764597e-09 1.1172729408315262845e-09 8.4797946442449756432e-10 6.4250160747292284213e-10 4.8598680635336677369e-10 3.6697533900564849318e-10 2.7663649149189950549e-10 2.0818236023956160352e-10 1.5639933792499505216e-10 1.1729950344374628912e-10 8.7823082139948382974e-11 6.5643046553987005609e-11 4.898081940041265625e-11 3.6486369481281144544e-11 2.7131630275789575535e-11 2.0141666112749589956e-11 1.4925838343060604529e-11 1.1044498648971057264e-11 8.155698338896399946e-12 6.0129679013698478229e-12 4.4275694222051242832e-12 3.2529534621517086634e-12 2.3869795029440865619e-12 1.7474910407599963946e-12 1.2767564783189300215e-12 9.3258734068513149396e-13 6.7945649107059580274e-13 4.9293902293356950395e-13 3.597122599785507191e-13 2.5979218776228663046e-13 1.8873791418627661187e-13 1.3544720900426909793e-13 9.7699626167013775557e-14 7.1054273576010018587e-14 5.1070259132757200859e-14 3.5527136788005009294e-14 2.664535259100375697e-14 1.7763568394002504647e-14
2.5295943117953356705e-09 1.929707504899624837e-09 1.4695822336818764597e-09 1.1172729408315262845e-09 8.4797946442449756432e-10 6.4250160747292284213e-10 4.8598680635336677369e-10 3.6697533900564849318e-10 2.7663649149189950549e-10 2.0818236023956160352e-10 1.5639933792499505216e-10 1.1729950344374628912e-10 8.7823082139948382974e-11 6.5643046553987005609e-11 4.898081940041265625e-11 3.6486369481281144544e-11 2.7131630275789575535e-11 2.0141666112749589956e-11 1.4925838343060604529e-11 1.1044498648971057264e-11 8.155698338896399946e-12 6.0129679013698478229e-12 4.4275694222051242832e-12 3.2529534621517086634e-12 2.3869795029440865619e-12 1.7474910407599963946e-12 1.2767564783189300215e-12 9.3258734068513149396e-13 6.7945649107059580274e-13 4.9293902293356950395e-13 3.597122599785507191e-13 2.5979218776228663046e-13 1.8873791418627661187e-13 1.3544720900426909793e-13 9.7699626167013775557e-14 7.1054273576010018587e-14 5.1070259132757200859e-14 3.5527136788005009294e-14 2.664535259100375697e-14 1.7763568394002504647e-14
2.5295943117953356705e-09 1.929707504899624837e-09 1.4695822336818764597e-09 1.1172729408315262845e-09 8.4797946442449756432e-10 6.4250160747292284213e-10 4.8598680635336677369e-10 3.6697533900564849318e-10 2.7663649149189950549e-10 2.0818236023956160352e-10 1.5639933792499505216e-10 1.1729950344374628912e-10 8.7823082139948382974e-11 6.5643046553987005609e-11 4.898081940041265625e-11 3.6486369481281144544e-11 2.7131630275789575535e-11 2.0141666112749589956e-11 1.4925838343060604529e-11 1.1044498648971057264e-11 8.155698338896399946e-12 6.0129679013698478229e-12 4.4275694222051242832e-12 3.2529534621517086634e-12 2.3869795029440865619e-12 1.7474910407599963946e-12 1.2767564783189300215e-12 9.3258734068513149396e-13 6.7945649107059580274e-13 4.9293902293356950395e-13 3.597122599785507191e-13 2.5979218776228663046e-13 1.8873791418627661187e-13 1.3544720900426909793e-13 9.7699626167013775557e-14 7.1054273576010018587e-14 5.1070259132757200859e-14 3.5527136788005009294e-14 2.664535259100375697e-14 1.7763568394002504647e-14
2.5295943117953356705e-09 1.929707504899624837e-09 1.4695822336818764597e-09 1.1172729408315262845e-09 8.4797946442449756432e-10 6.4250160747292284213e-10 4.8598680635336677369e-10 3.6697533900564849318e-10 2.7663649149189950549e-10 2.0818236023956160352e-10 1.5639933792499505216e-10 1.1729950344374628912e-10 8.7823082139948382974e-11 6.5643046553987005609e-11 4.898081940041265625e-11 3.6486369481281144544e-11 2.7131630275789575535e-11 2.0141666112749589956e-11 1.4925838343060604529e-11 1.1044498648971057264e-11 8.155698338896399946e-12 6.0129679013698478229e-12 4.4275694222051242832e-12 3.2529534621517086634e-12 2.3869795029440865619e-12 1.7474910407599963946e-12 1.2767564783189300215e-12 9.3258734068513149396e-13 6.7945649107059580274e-13 4.9293902293356950395e-13 3.597122599785507191e-13 2.5979218776228663046e-13 1.8873791418627661187e-13 1.3544720900426909793e-13 9.7699626167013775557e-14 7.1054273576010018587e-14 5.1070259132757200859e-14 3.5527136788005009294e-14 2.664535259100375697e-14 1.7763568394002504647e-14
2.5295943117953356705e-09 1.929707504899624837e-09 1.4695822336818764597e-09 1.1172729408315262845e-09 8.4797946442449756432e-10 6.4250160747292284213e-10 4.8598680635336677369e-10 3.6697533900564849318e-10 2.7663649149189950549e-10 2.0818236023956160352e-10 1.5639933792499505216e-10 1.1729950344374628912e-10 8.7823082139948382974e-11 6.5643046553987005609e-11 4.898081940041265625e-11 3.6486369481281144544e-11 2.7131630275789575535e-11 2.0141666112749589956e-11 1.4925838343060604529e-11 1.1044498648971057264e-11 8.155698338896399946e-12 6.0129679013698478229e-12 4.4275694222051242832e-12 3.2529534621517086634e-12 2.3869795029440865619e-12 1.7474910407599963946e-12 1.2767564783189300215e-12 9.3258734068513149396e-13 6.7945649107059580274e-13 4.9293902293356950395e-13 3.597122599785507191e-13 2.5979218776228663046e-13 1.8873791418627661187e-13 1.3544720900426909793e-13 9.7699626167013775557e-14 7.1054273576010018587e-14 5.1070259132757200859e-14 3.5527136788005009294e-14 2.664535259100375697e-14 1.7763568394002504647e-14
2.5295943117953356705e-09 1.929707504899624837e-09 1.4695822336818764597e-09 1.1172729408315262845e-09 8.4797946442449756432e-10 6.4250160747292284213e-10 4.8598680635336677369e-10 3.6697533900564849318e-10 2.7663649149189950549e-10 2.0818236023956160352e-10 1.5639933792499505216e-10 1.1729950344374628912e-10 8.7823082139948382974e-11 6.5643046553987005609e-11 4.898081940041265625e-11 3.6486369481281144544e-11 2.7131630275789575535e-11 2.0141666112749589956e-11 1.4925838343060604529e-11 1.1044498648971057264e-11 8.155698338896399946e-12 6.0129679013698478229e-12 4.4275694222051242832e-12 3.2529534621517086634e-12 2.3869795029440865619e-12 1.7474910407599963946e-12 1.2767564783189300215e-12 9.3258734068513149396e-13 6.7945649107059580274e-13 4.9293902293356950395e-13 3.597122599785507191e-13 2.5979218776228663046e-13 1.8873791418627661187e-13 1.3544720900426909793e-13 9.7699626167013775557e-14 7.1054273576010018587e-14 5.1070259132757200859e-14 3.5527136788005009294e-14 2.664535259100375697e-14 1.7763568394002504647e-14
2.5295943117953356705e-09 1.929707504899624837e-09 1.4695822336818764597e-09 1.1172729408315262845e-09 8.4797946442449756432e-10 6.4250160747292284213e-10 4.8598680635336677369e-10 3.6697533900564849318e-10 2.7663649149189950549e-10 2.0818236023956160352e-10 1.5639933792499505216e-10 1.1729950344374628912e-10 8.7823082139948382974e-11 6.5643046553987005609e-11 4.898081940041265625e-11 3.6486369481281144544e-11 2.7131630275789575535e-11 2.0141666112749589956e-11 1.4925838343060604529e-11 1.1044498648971057264e-11 8.155698338896399946e-12 6.0129679013698478229e-12 4.4275694222051242832e-12 3.2529534621517086634e-12 2.3869795029440865619e-12 1.7474910407599963946e-12 1.2767564783189300215e-12 9.3258734068513149396e-13 6.7945649107059580274e-13 4.9293902293356950395e-13 3.597122599785507191e-13 2.5979218776228663046e-13 1.8873791418627661187e-13 1.3544720900426909793e-13 9.7699626167013775557e-14 7.1054273576010018587e-14 5.1070259132757200859e-14 3.5527136788005009294e-14 2.664535259100375697e-14 1.7763568394002504647e-14
2.5295943117953356705e-09 1.929707504899624837e-09 1.4695822336818764597e-09 1.1172729408315262845e-09 8.4797946442449756432e-10 6.4250160747292284213e-10 4.8598680635336677369e-10 3.6697533900564849318e-10 2.7663649149189950549e-10 2.0818236023956160352e-10 1.5639933792499505216e-10 1.1729950344374628912e-10 8.7823082139948382974e-11 6.5643046553987005609e-11 4.898081940041265625e-11 3.6486369481281144544e-11 2.7131630275789575535e-11 2.0141666112749589956e-11 1.4925838343060604529e-11 1.1044498648971057264e-11 8.155698338896399946e-12 6.0129679013698478229e-12 4.4275694222051242832e-12 3.2529534621517086634e-12 2.3869795029440865619e-12 1.7474910407599963946e-12 1.2767564783189300215e-12 9.3258734068513149396e-13 6.7945649107059580274e-13 4.9293902293356950395e-13 3.597122599785507191e-13 2.5979218776228663046e-13 1.8873791418627661187e-13 1.3544720900426909793e-13 9.7699626167013775557e-14 7.1054273576010018587e-14 5.1070259132757200859e-14 3.5527136788005009294e-14 2.664535259100375697e-14 1.7763568394002504647e-14
