debrisframe/data/debrisParabolaChanneled/Inputs/DEM_ParabolaChanneled.asc
ncols        401
nrows        301
xllcorner    997.500000000000
yllcorner    -5002.500000000000
cellsize     5.000000000000
NODATA_value -9999
[rows 162 to 179 of 301, columns 240 to 279 of 401]
57.770157546167261842 56.566215648555633777 55.375286762878296543 54.19733714665847657 53.032335835015743442 51.880254377437104552 50.741066602023053633 49.614748404308869567 48.501277558064728623 47.40063354576993504 46.312797406687849389 45.237751600689051656 44.175479886162762 43.125967210517053729 42.08919961192786019 41.065164131119225033 40.053848732090266083 39.055242230797418301 38.069334230912517114 37.096115065849616599 36.135575746351712212 35.187707912983555048 34.252503792961149998 33.32995616079415413 32.420058302290804875 31.522803981510179483 30.638187410310514736 29.766203220172659627 28.906846436029475456 28.060112451859335891 27.225997007840547326 26.404496168893789587 25.595606304459273872 24.799324069391918357 24.015646385862641665 23.2445704261884174 22.486093596513150317 21.740213521291174459 21.006928028519187279 20.286235135687835651
57.781654969272508993 56.576730090731523148 55.384896615436410627 54.20611468357012086 53.04034772667776565 51.887562154506170486 50.747727074697415617 49.620814041839452102 48.506796832749948578 47.405651245221804402 46.317354917743038811 45.241887167970325834 44.179228847968367688 43.129362214422911848 42.092270812225734744 41.06793936997975436 40.056353706129826264 39.05750064453937398 38.071367938464646841 37.097944201967905542 36.137218847925097975 35.189182031852709542 34.253824600875930173 33.331138047217862663 32.421114465673397831 31.523746514576906463 30.639027379845497734 29.766950741718282814 28.90751074387151931 28.060701964623358862 27.226519389987103636 26.404958388367376187 25.596014686718390863 24.799684348024332081 24.015963749970669738 23.244849564712911416 22.486338739651792196 21.740428479155930575 21.007116227169134959 20.286399650666538719
57.794156434666135169 56.588161609597612767 55.395343696206204243 54.21565613455688748 53.049056222499721969 51.895504747003322166 50.754965654384157858 49.627405755253207076 48.512794460456191814 47.411103544706470814 46.322306934954831092 45.246380520860206786 44.18330198500431294 43.133050650729430231 42.095607345704166846 41.070954279503602891 40.059074933674644114 39.059953962897118629 38.073577106004186987 37.099931105735265646 36.139003636226142646 35.19078323732652791 34.255259254946906822 33.332421786707577382 32.422261632258610575 31.524770247695926173 30.639939703581461572 29.767762646123092196 28.908232261137769115 28.061342240462792574 27.227086750531931614 26.405460402875021941 25.59645822632955614 24.800075640798763033 24.016308432403441486 23.245152729916412682 22.486604982373986417 21.74066193779356837 21.007320622924979148 20.286578323991879103
57.807683474726410111 56.6005295813783178 55.406645448847250179 54.225977208913064942 53.058475473465392724 51.904094904297025437 50.762793828567872367 49.634533894984038227 48.519279766286075528 47.416998844145616943 46.327661022985353156 45.251238469618449756 44.187705425935590142 43.137038032150194056 42.099214168378949807 41.074213312551187016 40.062016412857090586 39.062605773111805263 38.075964949590286324 37.102078658019635782 36.1409326895667391 35.192513834762685576 34.256809814433175632 33.333809216789724417 32.423501439945916047 31.525876639191466211 30.640925678450606995 29.768640085409376894 28.909012009873094939 28.06203418496517088 27.227699890837733676 26.406002920613058649 25.596937548310819466 24.800498498567293382 24.016680917970280262 23.245480347878910266 22.486892698606766317 21.740914224884214434 21.00754150251690433 20.286771406188201183
57.822260087943135431 56.613855589676042257 55.418821294436519054 54.23709538859639423 53.068621220608612532 51.91334680268894175 50.771224365759792363 49.642209961813719588 48.526263108515152567 47.423346471459737472 46.333425580008253064 45.256468573064218219 44.192445971557418716 43.141330474731248046 42.103096777644239523 41.07772140755354684 40.065182577099783146 39.065460052411104641 38.078535034450396779 37.1043900520856198 36.143008865537240126 35.19437637897975435 34.258478561220499614 33.335302373480644178 32.424835703427618228 31.52706730469006402 30.641986741192610566 29.769584335716725576 28.909851122180839411 28.062778801191857525 27.228359698487732743 26.406586725946667116 25.597453344881081705 24.800953531391435547 24.017081743577662678 23.245832890455947251 22.487202302441424706 21.741185703298334886 21.007779183462737649 20.286979174676034177
57.837912981034364179 56.628163639315083344 55.431892820653864362 54.249030095849747113 53.079510943729374617 51.92327617751550406 50.780271432965385259 49.650446711422823398 48.533755971719777733 47.43015676557556759 46.339609911734861214 45.262079204619737993 44.197531153734651355 43.14593475045978721 42.107261259233951023 41.081484030431333565 40.068578332528581143 39.068521201392947262 38.081291304759119498 37.106868820146914345 36.145235324670430543 35.196373695334841614 34.260268018583140304 33.336903507975144123 32.426266429021488591 31.528344030292501543 30.643124480041144864 29.770596807660588468 28.91075084939500428 28.063577197790991136 27.22906715445370196 26.407212685735657942 25.598006381035929735 24.801441413450781681 24.017511502545044522 23.246210879068240018 22.487534251456640533 21.741476774006809336 21.0080340166127435 20.287201935994300328
57.854671851950108419 56.643480405976234238 55.445884002368366339 54.261802888429571112 53.091164034427187346 51.933900476705858296 50.789950732113211984 49.659258275721157361 48.541771074771759231 47.437441172619486451 46.346224317146180738 45.26807962875390956 44.202969303586314709 43.15085834809569576 42.111714341499357772 41.085507223024706036 40.072209101180654045 39.071794082567144812 38.084238118007441187 37.109518864003121053 36.147615557738490111 35.19850890403148469 34.262180972816508984 33.33861510588479149 32.427795831766644596 31.529708787753182975 30.644340648189537291 29.771679058266318663 28.911712572646191433 28.064430598342269718 27.229823341351590216 26.407881756619485003 25.598597500968452323 24.80196288869522192 24.017970849574119541 23.246614889064829867 22.487889050544350056 21.741787879431115016 21.008306389079177023 20.287440028358471267
57.872569721596597958 56.659835528395760207 55.460821459500685648 54.275437687551338684 53.103601997908064902 51.945239039691827543 50.800279658858045195 49.668660303953515722 48.550322496334139544 47.445212357617279508 46.353280187977340177 45.274480089632909596 44.208769630513224058 43.156109543639793458 42.116463458254727925 41.089797659143592057 40.07608087099097105 39.075284064927011229 38.087380284735715463 37.112344490446943723 36.150153417291534197 35.200785448197599692 34.264220498219088995 33.340439909450253708 32.429426355158540218 31.53116375199975252 30.645637179330041278 29.772832804739017831 28.912737815051386292 28.065340352136708191 27.230629452963874826 26.408594993419288954 25.599227635474019138 24.802518777362784874 24.018460506478760408 23.24704555475385348 22.488267256320781939 21.742119507305726955 21.008596727613657151 20.28769382460959747
57.89164332405415081 56.67726195156107849 55.476734759460391899 54.289961044888869424 53.116848689081798796 51.957313306484550708 50.811277487969761069 49.67867012727257503 48.559425821100617782 47.453484334552648249 46.360790124467740725 45.281291914195435311 44.214942314027126713 43.161697482170289675 42.121516821723410828 41.094362709594918215 40.080200253759372231 39.078997075616264567 38.090723114574878139 37.115350452279216142 36.152853154180178308 35.203207126391490078 34.266389986007020241 33.342380943244357638 32.431160693980629617 31.532711321398025461 30.647016205625121188 29.774059940386056411 28.913828255807491274 28.066307946638364257 27.231486805246511551 26.409353558848891907 25.59989781050783364 24.803109983511646419 24.018981268806079754 23.247503575215308302 22.488669482222892526 21.742472195140472024 21.008905502508909535 20.287963735621136863
57.91193356756669175 56.69579633147183273 55.493656773286410555 54.30540245653617859 53.130930589821595333 51.970147062905041935 50.822965590537300784 49.689306951356300601 48.56909831079305917 47.462272618311999395 46.368768070481188204 45.288527632388166921 44.221498610795499928 43.167632273180089442 42.126883507469770507 41.099210517855347291 40.08457455257502744 39.082939659999439641 38.094272469754926647 37.118541995958743485 36.155719459972232244 35.205778130342586962 34.268693177875903189 33.344441543998946997 32.433001820793229797 31.534354141258216231 30.648480078549312111 29.775362553079933292 28.91498574653093101 28.06733502193016605 27.232396849086828894 26.41015873476939646 25.600609157101857249 24.803737503747797177 24.019534013507925607 23.247989721035587252 22.489096404412606489 21.742846535389872997 21.009233232118507573 20.288250214245181269
57.93348608184744819 56.715479514812230377 55.511624096990203725 54.321794733873602468 53.14587713600732144 51.983766729466019285 50.835367689524254331 49.700592082782122816 48.579359104920051493 47.471594402905296306 46.377229471854796827 45.296201117958595717 44.228450979896365425 43.173925102057431502 42.132573553651326392 41.104350088452989098 40.089211840524214381 39.087119051751798793 38.098034827511625622 37.12192491715434528 36.158757516386096142 35.208503088921112578 34.271134205090255875 33.346625395334932307 32.434953016769448197 31.536095131192769969 30.650031393141393465 29.776742946738252726 28.916212330264404073 28.068423387515359479 27.23336118513985582 26.411011935275787721 25.60136292289474369 24.804402437371408041 24.020119707858647473 23.248504842135471193 22.489548768639242127 21.743243181461121338 21.00958048810957024 20.288553759898452
57.9563518715487902 56.736357110528068404 55.530677552706450228 54.339174443934531666 53.1617211052518428 51.99820170336428049 50.848510161908137661 49.712549196339992363 48.590229457576526784 47.481468771465557666 46.386191462806657171 45.304327754051797683 44.235813230022451137 43.180588361006421394 42.138598077500439842 41.109791390628330987 40.094121052953084927 39.091543254978205368 38.102017353169415514 37.12550562577285973 36.161973053134069289 35.211387119569991455 34.273717634192479409 33.34893656836187148 32.43701790773300786 31.537937517081797267 30.651673016335003297 29.778203666411211969 28.917510263671903914 28.06957504193421471 27.234381581148234375 26.411914721972291176 25.602160485588683514 24.805105998217612751 24.02073941986122918 23.249049876903875145 22.490027398246095203 21.743662854723218913 21.009947901590440011 20.288874923911940584
57.980588101475419194 56.758480175142977942 55.550862788364867129 54.357582435371412544 53.178499079207405487 52.013484765618301253 50.862422397855638678 49.725204652386260307 48.601733018229701599 47.49191694497791616 46.395673086495136772 45.312924628961326334 44.243600693339615759 43.187635803550769253 42.144969412688503496 41.115545480497821984 40.099312096132749161 39.096221140877219113 38.106227986125617235 37.129291222431227482 36.16537241591682772 35.214435888739821223 34.276448520694493993 33.351379569352964438 32.43920050646454456 31.539884868588956124 30.653408120200889897 29.77974752771226008 28.918882043071221233 28.070792195768543564 27.235459992250181216 26.412868821880632453 25.603003368723779687 24.805849528535063087 24.021394330443026632 23.249625862901485362 22.490533203552413255 21.744106352719693831 21.010336170290113245 20.28921431579841439
58.006259046844760974 56.781906040149046078 55.572231000094696185 54.377064470791609097 53.196251998336279598 52.029652568801985524 50.877137230323874917 49.738587875875431621 48.613896166631050733 47.502962578593553644 46.405695557479916147 45.322010768829557037 44.251830431967917434 43.1950827278702576 42.151701272195673198 41.121624645796131858 40.104795975923146045 39.10116256212657504 38.110675541542221367 37.13328958885328035 36.168962646762317092 35.21765568326629392 34.279332472467011428 33.35395939601187365 32.441505262616772143 31.541941143412373094 30.655240221147064261 29.781377651515665406 28.920330435119051771 28.072077298752670771 27.236598584908627174 26.413876148538420807 25.603893260259980025 24.806634515332632418 24.022085747818962886 23.250233949465425098 22.491067192900771943 21.744574558838376532 21.010746067010899196 20.289572610630997929
58.033437252441096632 56.80669931864375144 55.594839809019966026 54.397671992539862629 53.215025832394722727 52.046746225408988096 50.892691452409145825 49.75273181209088591 48.626748414916363572 47.514632116915542781 46.416282576033744078 45.331607416007656752 44.260521484724399954 43.20294619568026917 42.158808942588777313 41.128042578395238138 40.11058495101828214 39.106378489032699974 38.115369831314261262 37.137509495343643096 36.172751579494502039 35.221053495151657842 34.282375725002168565 33.356681604254028173 32.443937121937459267 31.544110739771216601 30.657173226401983612 29.783097505090456281 28.921858513180019656 28.073433071899877689 27.237799765262103335 26.414938826992248266 25.604832034586021194 24.807462609738465176 24.022815124499501849 23.250875412633455142 22.491630485736216372 21.745068453758712224 21.011178449634094534 20.289950557776929685
58.062204959100093049 56.832933140560918162 55.618754334322758837 54.419463057626018099 53.234872397189327842 52.064812023107869265 50.909126445089000867 49.767673478666715425 48.640322893893895184 47.526955223046911669 46.427460707203685786 45.341738364348778134 44.269695163999855936 43.21124529531417835 42.166309517314999766 41.134814581292118874 40.116692716665419027 39.111881172638376825 38.120321808896107996 37.141960729381885642 36.176747953901717381 35.224637122902890951 34.285585231333946865 33.359552387961969089 32.446501596972254333 31.546398559045755405 30.659211489473307211 29.784910951163915627 28.923469700696287532 28.074862545804503355 27.239066212918967125 26.416059223584191784 25.605821778745362138 24.808335650065021838 24.023584077552136762 23.251551672921038971 22.492224328184029503 21.745589129084709867 21.011634273035220133 20.29034899129732139
58.092655876456895214 56.860690682866966483 55.644048518676349602 54.44250348945018203 53.25585035826215119 52.083902301718680405 50.926488945310225631 49.78345463974735452 48.654656945894963371 47.539965300824789551 46.439259841528304662 45.352430366183760668 44.279375415663828619 43.220001460302022167 42.174222178918654436 41.141957818768702282 40.123134626513632384 39.117684341528388359 38.125543743924929174 37.146654250574044909 36.180961553224705085 35.228415293503807959 34.288968770215397797 33.362578674891516073 32.44920485205139471 31.548810081045399301 30.661359876765448718 29.786822306839837893 28.925167823254621879 28.076369106614372129 27.240400921510612875 26.417239981689004225 25.606864823896135164 24.809255689473165063 24.024394412899503948 23.25226431663753246 22.492850111726795603 21.746137803688768031 21.012114603367251675 20.290768842412916229
58.124897410164876987 56.890067085279362402 55.670806782262786783 54.466868310803612019 53.278026476316462379 52.104076538711666444 50.944831994545310749 49.80012263681052076 48.669792853996682425 47.553700136058132841 46.45171375983287021 45.363713630502033425 44.289589259034052304 43.229238858341552998 42.182568543228924796 41.149491621170689371 40.12992796264700246 39.123803441176313811 38.131049434425278832 37.151602378818488148 36.185403371008412421 35.232397810350747136 34.292535077253567977 33.365768242875667227 32.45205380621860769 31.551351455131399604 30.663623848200987965 29.788836414879508396 28.92695717156051316 28.077956551619248415 27.241807247715808415 26.418484064907435283 25.607963783327789997 24.810225029396232088 24.025248154672407708 23.253015121633538342 22.493509395761353886 21.746715843448569672 21.012620635307634132 20.291211154555170992
