debrisframe/data/debrisParabolaChanneled/Inputs/DEM_ParabolaChanneled.asc
ncols        401
nrows        301
xllcorner    997.500000000000
yllcorner    -5002.500000000000
cellsize     5.000000000000
NODATA_value -9999
[rows 234 to 251 of 301, columns 240 to 279 of 401]
59.556480913847416048 58.223681237835023694 56.910895173512258793 55.61791896871405072 54.344536103386793968 53.090519120910947493 51.855631425712772398 50.639629034063219137 49.442262266210455834 48.263277369330182864 47.102418062129537191 45.959426993329842048 44.834047107639705132 43.726022914187240076 42.635101653719672754 41.561034362146095589 40.50357682922702196 39.46249045233866326 38.437542986308010029 37.428509191259493605 36.435171381294367166 35.457319877565815602 34.494753369986405289 33.547279192340965892 32.614713516044545827 31.696881468118661473 30.793617179229574532 29.904763767783279604 29.03017326616330962 28.169706495190350637 27.323232892820335849 26.490630302966714282 25.671784730139904696 24.86659006537647798 24.074947788642404589 23.296766652606709869 22.531962352337203015 21.780457185140090104 21.042179704390775896 20.317064370856716238
59.556480913847416048 58.223681237835023694 56.910895173512258793 55.61791896871405072 54.344536103386793968 53.090519120910947493 51.855631425712772398 50.639629034063219137 49.442262266210455834 48.263277369330182864 47.102418062129537191 45.959426993329842048 44.834047107639705132 43.726022914187240076 42.635101653719672754 41.561034362146095589 40.50357682922702196 39.46249045233866326 38.437542986308010029 37.428509191259493605 36.435171381294367166 35.457319877565815602 34.494753369986405289 33.547279192340965892 32.614713516044545827 31.696881468118661473 30.793617179229574532 29.904763767783279604 29.03017326616330962 28.169706495190350637 27.323232892820335849 26.490630302966714282 25.671784730139904696 24.86659006537647798 24.074947788642404589 23.296766652606709869 22.531962352337203015 21.780457185140090104 21.042179704390775896 20.317064370856716238
59.556480913847416048 58.223681237835023694 56.910895173512258793 55.61791896871405072 54.344536103386793968 53.090519120910947493 51.855631425712772398 50.639629034063219137 49.442262266210455834 48.263277369330182864 47.102418062129537191 45.959426993329842048 44.834047107639705132 43.726022914187240076 42.635101653719672754 41.561034362146095589 40.50357682922702196 39.46249045233866326 38.437542986308010029 37.428509191259493605 36.435171381294367166 35.457319877565815602 34.494753369986405289 33.547279192340965892 32.614713516044545827 31.696881468118661473 30.793617179229574532 29.904763767783279604 29.03017326616330962 28.169706495190350637 27.323232892820335849 26.490630302966714282 25.671784730139904696 24.86659006537647798 24.074947788642404589 23.296766652606709869 22.531962352337203015 21.780457185140090104 21.042179704390775896 20.317064370856716238
59.556480913847416048 58.223681237835023694 56.910895173512258793 55.61791896871405072 54.344536103386793968 53.090519120910947493 51.855631425712772398 50.639629034063219137 49.442262266210455834 48.263277369330182864 47.102418062129537191 45.959426993329842048 44.834047107639705132 43.726022914187240076 42.635101653719672754 41.561034362146095589 40.50357682922702196 39.46249045233866326 38.437542986308010029 37.428509191259493605 36.435171381294367166 35.457319877565815602 34.494753369986405289 33.547279192340965892 32.614713516044545827 31.696881468118661473 30.793617179229574532 29.904763767783279604 29.03017326616330962 28.169706495190350637 27.323232892820335849 26.490630302966714282 25.671784730139904696 24.86659006537647798 24.074947788642404589 23.296766652606709869 22.531962352337203015 21.780457185140090104 21.042179704390775896 20.317064370856716238
59.556480913847416048 58.223681237835023694 56.910895173512258793 55.61791896871405072 54.344536103386793968 53.090519120910947493 51.855631425712772398 50.639629034063219137 49.442262266210455834 48.263277369330182864 47.102418062129537191 45.959426993329842048 44.834047107639705132 43.726022914187240076 42.635101653719672754 41.561034362146095589 40.50357682922702196 39.46249045233866326 38.437542986308010029 37.428509191259493605 36.435171381294367166 35.457319877565815602 34.494753369986405289 33.547279192340965892 32.614713516044545827 31.696881468118661473 30.793617179229574532 29.904763767783279604 29.03017326616330962 28.169706495190350637 27.323232892820335849 26.490630302966714282 25.671784730139904696 24.86659006537647798 24.074947788642404589 23.296766652606709869 22.531962352337203015 21.780457185140090104 21.042179704390775896 20.317064370856716238
59.556480913847416048 58.223681237835023694 56.910895173512258793 55.61791896871405072 54.344536103386793968 53.090519120910947493 51.855631425712772398 50.639629034063219137 49.442262266210455834 48.263277369330182864 47.102418062129537191 45.959426993329842048 44.834047107639705132 43.726022914187240076 42.635101653719672754 41.561034362146095589 40.50357682922702196 39.46249045233866326 38.437542986308010029 37.428509191259493605 36.435171381294367166 35.457319877565815602 34.494753369986405289 33.547279192340965892 32.614713516044545827 31.696881468118661473 30.793617179229574532 29.904763767783279604 29.03017326616330962 28.169706495190350637 27.323232892820335849 26.490630302966714282 25.671784730139904696 24.86659006537647798 24.074947788642404589 23.296766652606709869 22.531962352337203015 21.780457185140090104 21.042179704390775896 20.317064370856716238
59.556480913847416048 58.223681237835023694 56.910895173512258793 55.61791896871405072 54.344536103386793968 53.090519120910947493 51.855631425712772398 50.639629034063219137 49.442262266210455834 48.263277369330182864 47.102418062129537191 45.959426993329842048 44.834047107639705132 43.726022914187240076 42.635101653719672754 41.561034362146095589 40.50357682922702196 39.46249045233866326 38.437542986308010029 37.428509191259493605 36.435171381294367166 35.457319877565815602 34.494753369986405289 33.547279192340965892 32.614713516044545827 31.696881468118661473 30.793617179229574532 29.904763767783279604 29.03017326616330962 28.169706495190350637 27.323232892820335849 26.490630302966714282 25.671784730139904696 24.86659006537647798 24.074947788642404589 23.296766652606709869 22.531962352337203015 21.780457185140090104 21.042179704390775896 20.317064370856716238
59.556480913847416048 58.223681237835023694 56.910895173512258793 55.61791896871405072 54.344536103386793968 53.090519120910947493 51.855631425712772398 50.639629034063219137 49.442262266210455834 48.263277369330182864 47.102418062129537191 45.959426993329842048 44.834047107639705132 43.726022914187240076 42.635101653719672754 41.561034362146095589 40.50357682922702196 39.46249045233866326 38.437542986308010029 37.428509191259493605 36.435171381294367166 35.457319877565815602 34.494753369986405289 33.547279192340965892 32.614713516044545827 31.696881468118661473 30.793617179229574532 29.904763767783279604 29.03017326616330962 28.169706495190350637 27.323232892820335849 26.490630302966714282 25.671784730139904696 24.86659006537647798 24.074947788642404589 23.296766652606709869 22.531962352337203015 21.780457185140090104 21.042179704390775896 20.317064370856716238
59.556480913847416048 58.223681237835023694 56.910895173512258793 55.61791896871405072 54.344536103386793968 53.090519120910947493 51.855631425712772398 50.639629034063219137 49.442262266210455834 48.263277369330182864 47.102418062129537191 45.959426993329842048 44.834047107639705132 43.726022914187240076 42.635101653719672754 41.561034362146095589 40.50357682922702196 39.46249045233866326 38.437542986308010029 37.428509191259493605 36.435171381294367166 35.457319877565815602 34.494753369986405289 33.547279192340965892 32.614713516044545827 31.696881468118661473 30.793617179229574532 29.904763767783279604 29.03017326616330962 28.169706495190350637 27.323232892820335849 26.490630302966714282 25.671784730139904696 24.86659006537647798 24.074947788642404589 23.296766652606709869 22.531962352337203015 21.780457185140090104 21.042179704390775896 20.317064370856716238
59.556480913847416048 58.223681237835023694 56.910895173512258793 55.61791896871405072 54.344536103386793968 53.090519120910947493 51.855631425712772398 50.639629034063219137 49.442262266210455834 48.263277369330182864 47.102418062129537191 45.959426993329842048 44.834047107639705132 43.726022914187240076 42.635101653719672754 41.561034362146095589 40.50357682922702196 39.46249045233866326 38.437542986308010029 37.428509191259493605 36.435171381294367166 35.457319877565815602 34.494753369986405289 33.547279192340965892 32.614713516044545827 31.696881468118661473 30.793617179229574532 29.904763767783279604 29.03017326616330962 28.169706495190350637 27.323232892820335849 26.490630302966714282 25.671784730139904696 24.86659006537647798 24.074947788642404589 23.296766652606709869 22.531962352337203015 21.780457185140090104 21.042179704390775896 20.317064370856716238
59.556480913847416048 58.223681237835023694 56.910895173512258793 55.61791896871405072 54.344536103386793968 53.090519120910947493 51.855631425712772398 50.639629034063219137 49.442262266210455834 48.263277369330182864 47.102418062129537191 45.959426993329842048 44.834047107639705132 43.726022914187240076 42.635101653719672754 41.561034362146095589 40.50357682922702196 39.46249045233866326 38.437542986308010029 37.428509191259493605 36.435171381294367166 35.457319877565815602 34.494753369986405289 33.547279192340965892 32.614713516044545827 31.696881468118661473 30.793617179229574532 29.904763767783279604 29.03017326616330962 28.169706495190350637 27.323232892820335849 26.490630302966714282 25.671784730139904696 24.86659006537647798 24.074947788642404589 23.296766652606709869 22.531962352337203015 21.780457185140090104 21.042179704390775896 20.317064370856716238
59.556480913847416048 58.223681237835023694 56.910895173512258793 55.61791896871405072 54.344536103386793968 53.090519120910947493 51.855631425712772398 50.639629034063219137 49.442262266210455834 48.263277369330182864 47.102418062129537191 45.959426993329842048 44.834047107639705132 43.726022914187240076 42.635101653719672754 41.561034362146095589 40.50357682922702196 39.46249045233866326 38.437542986308010029 37.428509191259493605 36.435171381294367166 35.457319877565815602 34.494753369986405289 33.547279192340965892 32.614713516044545827 31.696881468118661473 30.793617179229574532 29.904763767783279604 29.03017326616330962 28.169706495190350637 27.323232892820335849 26.490630302966714282 25.671784730139904696 24.86659006537647798 24.074947788642404589 23.296766652606709869 22.531962352337203015 21.780457185140090104 21.042179704390775896 20.317064370856716238
59.556480913847416048 58.223681237835023694 56.910895173512258793 55.61791896871405072 54.344536103386793968 53.090519120910947493 51.855631425712772398 50.639629034063219137 49.442262266210455834 48.263277369330182864 47.102418062129537191 45.959426993329842048 44.834047107639705132 43.726022914187240076 42.635101653719672754 41.561034362146095589 40.50357682922702196 39.46249045233866326 38.437542986308010029 37.428509191259493605 36.435171381294367166 35.457319877565815602 34.494753369986405289 33.547279192340965892 32.614713516044545827 31.696881468118661473 30.793617179229574532 29.904763767783279604 29.03017326616330962 28.169706495190350637 27.323232892820335849 26.490630302966714282 25.671784730139904696 24.86659006537647798 24.074947788642404589 23.296766652606709869 22.531962352337203015 21.780457185140090104 21.042179704390775896 20.317064370856716238
59.556480913847416048 58.223681237835023694 56.910895173512258793 55.61791896871405072 54.344536103386793968 53.090519120910947493 51.855631425712772398 50.639629034063219137 49.442262266210455834 48.263277369330182864 47.102418062129537191 45.959426993329842048 44.834047107639705132 43.726022914187240076 42.635101653719672754 41.561034362146095589 40.50357682922702196 39.46249045233866326 38.437542986308010029 37.428509191259493605 36.435171381294367166 35.457319877565815602 34.494753369986405289 33.547279192340965892 32.614713516044545827 31.696881468118661473 30.793617179229574532 29.904763767783279604 29.03017326616330962 28.169706495190350637 27.323232892820335849 26.490630302966714282 25.671784730139904696 24.86659006537647798 24.074947788642404589 23.296766652606709869 22.531962352337203015 21.780457185140090104 21.042179704390775896 20.317064370856716238
59.556480913847416048 58.223681237835023694 56.910895173512258793 55.61791896871405072 54.344536103386793968 53.090519120910947493 51.855631425712772398 50.639629034063219137 49.442262266210455834 48.263277369330182864 47.102418062129537191 45.959426993329842048 44.834047107639705132 43.726022914187240076 42.635101653719672754 41.561034362146095589 40.50357682922702196 39.46249045233866326 38.437542986308010029 37.428509191259493605 36.435171381294367166 35.457319877565815602 34.494753369986405289 33.547279192340965892 32.614713516044545827 31.696881468118661473 30.793617179229574532 29.904763767783279604 29.03017326616330962 28.169706495190350637 27.323232892820335849 26.490630302966714282 25.671784730139904696 24.86659006537647798 24.074947788642404589 23.296766652606709869 22.531962352337203015 21.780457185140090104 21.042179704390775896 20.317064370856716238
59.556480913847416048 58.223681237835023694 56.910895173512258793 55.61791896871405072 54.344536103386793968 53.090519120910947493 51.855631425712772398 50.639629034063219137 49.442262266210455834 48.263277369330182864 47.102418062129537191 45.959426993329842048 44.834047107639705132 43.726022914187240076 42.635101653719672754 41.561034362146095589 40.50357682922702196 39.46249045233866326 38.437542986308010029 37.428509191259493605 36.435171381294367166 35.457319877565815602 34.494753369986405289 33.547279192340965892 32.614713516044545827 31.696881468118661473 30.793617179229574532 29.904763767783279604 29.03017326616330962 28.169706495190350637 27.323232892820335849 26.490630302966714282 25.671784730139904696 24.86659006537647798 24.074947788642404589 23.296766652606709869 22.531962352337203015 21.780457185140090104 21.042179704390775896 20.317064370856716238
59.556480913847416048 58.223681237835023694 56.910895173512258793 55.61791896871405072 54.344536103386793968 53.090519120910947493 51.855631425712772398 50.639629034063219137 49.442262266210455834 48.263277369330182864 47.102418062129537191 45.959426993329842048 44.834047107639705132 43.726022914187240076 42.635101653719672754 41.561034362146095589 40.50357682922702196 39.46249045233866326 38.437542986308010029 37.428509191259493605 36.435171381294367166 35.457319877565815602 34.494753369986405289 33.547279192340965892 32.614713516044545827 31.696881468118661473 30.793617179229574532 29.904763767783279604 29.03017326616330962 28.169706495190350637 27.323232892820335849 26.490630302966714282 25.671784730139904696 24.86659006537647798 24.074947788642404589 23.296766652606709869 22.531962352337203015 21.780457185140090104 21.042179704390775896 20.317064370856716238
59.556480913847416048 58.223681237835023694 56.910895173512258793 55.61791896871405072 54.344536103386793968 53.090519120910947493 51.855631425712772398 50.639629034063219137 49.442262266210455834 48.263277369330182864 47.102418062129537191 45.959426993329842048 44.834047107639705132 43.726022914187240076 42.635101653719672754 41.561034362146095589 40.50357682922702196 39.46249045233866326 38.437542986308010029 37.428509191259493605 36.435171381294367166 35.457319877565815602 34.494753369986405289 33.547279192340965892 32.614713516044545827 31.696881468118661473 30.793617179229574532 29.904763767783279604 29.03017326616330962 28.169706495190350637 27.323232892820335849 26.490630302966714282 25.671784730139904696 24.86659006537647798 24.074947788642404589 23.296766652606709869 22.531962352337203015 21.780457185140090104 21.042179704390775896 20.317064370856716238
