benchmarks/avaGenericTopoVoellmyTest/releaseGenericTopo_7d89c1a8cf_com1_C_L_null_dfa_pft.asc
ncols        401
nrows        301
xllcorner    997.500000000000
yllcorner    -5002.500000000000
cellsize     5.000000000000
NODATA_value nan
[rows 144 to 167 of 301, columns 212 to 264 of 401]
0.39709606196841679138 0.42385549002304956367 0.43632342002361468314 0.44140788372468497958 0.4493942208752928491 0.50326274958753747235 0.54483805994584788568 0.53188438832740936313 0.53058213949376376029 0.53020848247110419216 0.5319838305018297353 0.52486130071404424324 0.51754931218646271773 0.53443669729576070981 0.56110158216805927633 0.55793420920686398468 0.57822083459543516248 0.57411179152012792315 0.57072113133522217598 0.53935601300415281223 0.55599043624668609276 0.5732072716016540781 0.59033391004800606083 0.58272385803928450354 0.59419713559036657635 0.6015012487436613986 0.61577736811250949334 0.60998106587513489796 0.59904284221735371041 0.59669536837893166759 0.59998536017612524862 0.59665178262178542035 0.62893525217874801658 0.61391311280012794693 0.62336827700895758309 0.63387118453007862406 0.62285031668199442034 0.63691852986653274549 0.63248856715523316119 0.61294899190941487532 0.59553515959331226881 0.60521712041786746017 0.62155317020310507647 0.64224297951587916433 0.66388989760115380001 0.67466206167991504827 0.65386952981636814464 0.67188195245770798714 0.67200288863377233284 0.67863391194390332295 0.67187869649999565347 0.67028515766263929709 0.67727588557651352552
0.62887865997062930568 0.63131240160564328079 0.64307853565842398869 0.64378519573742754023 0.67570600753384457704 0.68503839989435577618 0.65230562452449869504 0.62499835397295111505 0.61381114747696996492 0.62350375382306544303 0.65321469865807135768 0.6748853066000409795 0.68550902674320712826 0.67709163996704291311 0.67486566706529882431 0.66893117128438861485 0.67222878960038479068 0.68759705631640999357 0.66934080972702869605 0.66859684335239011332 0.66855660895129120913 0.67396892404907882135 0.6639882252752388192 0.67569217991676711055 0.66921676530824958373 0.67809967446619445752 0.67502942805436227935 0.65298415961601652402 0.6510241191449706033 0.64815333949195985674 0.66409902702432233035 0.66891178219758162804 0.68040325215413510751 0.68669835808279078293 0.68115335845254143532 0.6759277026455631221 0.68602042474064151012 0.68808636142089152354 0.66694084706655987205 0.66064783407060834186 0.66989286851576879123 0.67517329177873741664 0.67752075511350395853 0.66167213967048610357 0.65973267095183696362 0.66353793822082274279 0.65957305206303284972 0.66655832845754348082 0.69060409858683546869 0.68674071336427666701 0.69330538180195544484 0.69507343324045889332 0.70247573178386968351
0.80516820113775544598 0.78899141243032400173 0.76779321034836578441 0.7466828171047223961 0.73495279531504942305 0.74714862266574399996 0.73977398057831744715 0.76518494852399177031 0.77944343205749144765 0.77730670824201197888 0.79238641670008980178 0.78840485054418407707 0.76333565211514864401 0.74478777296766984772 0.74690056425872108914 0.75561399840597820443 0.75412704357829840607 0.744223950784166699 0.74607703146117654303 0.7537104159020390215 0.75637922341274999027 0.74918072942536351189 0.72730142062638125644 0.71030508125459634883 0.71328523198964521868 0.70955118772952197048 0.7099570235851215827 0.70970121110783279672 0.72788496012319281459 0.71157040636191914995 0.70810550750372625028 0.70482169633841884604 0.71747756422291775191 0.72251197501956365699 0.71692274753372620122 0.72057232140547855526 0.73179122647719019312 0.74023488990402963594 0.72725297130618082875 0.71609880406767090211 0.72068058104721577362 0.7210535662778335686 0.71518270422370999739 0.71021157796790257422 0.72231702423694155168 0.71801146377979530033 0.71682276481006512725 0.70439410943983438163 0.70969320077074760089 0.70484829841558716002 0.70948369161288926676 0.72582724950856791768 0.73899040873980736954
0.88050768351252628463 0.87660292267612471839 0.87730554477664346447 0.87818314745718994985 0.88356322001311815573 0.86130822565468334595 0.84999795889870299881 0.84472556993027836381 0.83373508587215527932 0.83708738256499959363 0.83163553097944686865 0.81924844790256945437 0.81069319298831399312 0.80987740397416208005 0.82325907563183575721 0.81085158799647560901 0.79083399487129191208 0.77521152382911728829 0.76935768077941923959 0.76924878699123666603 0.77333635974928593981 0.78549681989800657078 0.78298850801840436109 0.77042894166537123635 0.76813189424747629896 0.77984493217863404269 0.77118566151619893922 0.75499296410131622181 0.75063330197746125361 0.75161339437012408826 0.74622996308670430654 0.74083340615217796454 0.73493256855973643216 0.73505466730650670382 0.73137881019140382755 0.73801531161868094699 0.73402195405999348665 0.74391004503037239104 0.74220060150744726624 0.73355989618107031447 0.73386873229689941756 0.74666540988136775869 0.74002065720365772794 0.74133492640696563303 0.74388023572849515386 0.74033604214625448048 0.74107309826863709823 0.73901456172733581695 0.75862599451841028486 0.76306454328677764121 0.75714137093673483658 0.74800107231760448734 0.7433408577398331607
0.97998437232420554377 0.96204991871333245257 0.95348652738564843023 0.95550635121684646123 0.94540557383666457003 0.93891214444913284609 0.93727202048768920584 0.92725097811101986345 0.91424102735369838779 0.89078156605156511016 0.8830230400981786687 0.88682200363146246325 0.8803922471595395649 0.87593517764089978694 0.85704469285476003737 0.85473963023113475046 0.84516963806246836466 0.83759421617318918774 0.83526152158154998162 0.82433194106755103281 0.81149788618958396125 0.80049875713338547456 0.79729303935164230754 0.79715366410247923135 0.7896327118892320085 0.78647130220805638867 0.7798550757013630319 0.77833195361088913788 0.7777225311199789104 0.77872857437773868039 0.78283685156789417636 0.78684011157733591002 0.78858632224930513832 0.78161604963858966055 0.78873882280395035682 0.78304802026550823779 0.77084972021972641976 0.77049928944712675616 0.77236531059934243615 0.7695997079907693772 0.76654232403141053798 0.75993157149494106051 0.76117063008775942556 0.75504245740165287781 0.75737314424044988037 0.76298279484435549413 0.76067992582476784413 0.75150323867997048666 0.74550323886816027841 0.74613900588665726943 0.75183644366288215899 0.75988087877196919262 0.76392388887576012646
1.0212666863901087577 1.0151218151132188616 0.99357962180687331433 0.98879808424716542081 0.98541550108253861406 0.97530254542741456891 0.96311881994986048294 0.94887645002032516839 0.94022494344555096468 0.94450305199519091204 0.95096600451265456133 0.9482482203502181628 0.94212749869667400393 0.94059205339884099928 0.93385460773532258383 0.92294352091303744068 0.90518578183165931961 0.89640449671262667497 0.87986263143794063435 0.86517657741775411129 0.8566799051111225749 0.85792060206184428406 0.84673766077899126348 0.83702179614438554367 0.83177055774990693582 0.82024398355700778307 0.8142593882009283579 0.80647881581137315088 0.79785665515459958108 0.79066681646567626984 0.78597632295129493674 0.78032499395016763355 0.77321459778072121338 0.77381597642924959679 0.77715438464389030582 0.77812582079387782041 0.78010875418696223882 0.77936930587126806991 0.7809961784577618138 0.77969185339985380701 0.78074577263997679832 0.77423882852076153505 0.77518507028323024866 0.77442742712276757544 0.77109717035708369437 0.76867186704700518618 0.76602556314482905808 0.76286571969882477351 0.76129481597511405866 0.76476078277592307586 0.77051708411163999379 0.77777429323624136526 0.78134600828601241673
1.052545304965125661 1.0408171007646931372 1.0280223483890524871 1.0237065349244940382 1.0075082638206052099 0.99363990997298745622 0.98012454386072223045 0.96962685843638252159 0.95967289750163242701 0.94702508865223444801 0.93507340564790364379 0.92556910720466667453 0.92098495965323856627 0.9184731480763863587 0.90859067749007416115 0.90851590754318800602 0.89887444280486439308 0.89771062171885962488 0.89380768947034494598 0.88732457848564949554 0.87797951542639041111 0.87061577130152423276 0.86576075415745801234 0.86262226538906350282 0.85434092312785181456 0.84459970779106496863 0.83512583218718505762 0.83646443757414123965 0.82852767267120208672 0.82436335678393768411 0.82337284593490367435 0.81239911846663370731 0.81162126828894542996 0.80641378394035079236 0.79627718799525359916 0.790670061805932467 0.78141090497236176393 0.77558738786662373421 0.77030105692390715699 0.76638399012448032988 0.76399417588920726097 0.76608204761586351506 0.76955362770409052597 0.77339682992944180917 0.77487395215520538105 0.77932686675225026907 0.77970840345793301918 0.78429260353419383289 0.78436118540762800322 0.78798591810684748271 0.7891887690778495168 0.79360689442380416558 0.79450078513127264657
1.0250251923154121148 1.0085849460794860111 0.99799136570080160258 0.98711388601922589459 0.97379219458286925271 0.96661486665431695098 0.96036683917625165208 0.94869149535147556662 0.94393623288047312503 0.93834206909143969 0.92886568539494807073 0.91660602453931494527 0.90513444385291341732 0.89364908636965334487 0.87978592865013605095 0.87589948376163062616 0.86469361840108072137 0.86065829042888941647 0.85815387592118330673 0.85642654936458928461 0.85694427451676136176 0.85643322919635633816 0.85528153722155175753 0.85380926935412104761 0.8502623689029621401 0.8507726809654555522 0.84131327620422802216 0.83764091839232057701 0.83224263126504272048 0.82781030375758679618 0.82150349953902823685 0.82581125489959028574 0.81948344845391662972 0.81472951601336252025 0.80800498797453823574 0.80246185113074930406 0.79890498323874337139 0.79533355294768504073 0.78813755328142243162 0.78162270946133594052 0.77875941234379131295 0.77912244017254983497 0.77674367828430657124 0.77689477089579350721 0.77615775899160721618 0.7744729040890269145 0.77087107951442868092 0.76756245859070626469 0.77691835406488096716 0.78673579451281783204 0.78836920681794697696 0.79773500548197207038 0.80668915738298851981
0.97008998062936036 0.96154305392200034586 0.98072260484301010397 0.97477639525441728274 0.94866021056187910254 0.94674441318889090979 0.93526829313288384338 0.92576054513305916505 0.91002795147671255993 0.9038749432223069924 0.8932587107869979226 0.88503839173670650897 0.87990285118723932101 0.88119465275736386101 0.87044172576691880572 0.86790750419822315642 0.8648845599166596898 0.85584285288111727752 0.85102084380560005794 0.84044602188486305927 0.82761529326699789788 0.82878667643010905941 0.82622198245655742443 0.81473957878563363355 0.81050926696315195308 0.80079916237063963891 0.78755023170536742061 0.77744996043278513653 0.77243238655714530072 0.77026738556440810246 0.77369413811888743115 0.77385767480901845872 0.77610042377470267461 0.78470841955292247594 0.78287613963822710872 0.7862788674687449797 0.7861360598142305145 0.79328180598185471517 0.7878492116603249551 0.78628754779291454291 0.77186676920358976428 0.76637365722062145146 0.76315991462064503015 0.76775905550385448173 0.7805913461708258172 0.78032199460220841303 0.77106023123397215979 0.76578144796738001343 0.75993257031548111513 0.76363105664401220718 0.77196875818744814524 0.77900027446145425625 0.78143226413635413774
0.90821342163770224509 0.89161850211800730559 0.87719959347974607589 0.86838698061821140151 0.8511786671542665994 0.8569199398369820031 0.86249733831052222133 0.85121191355838088377 0.84547304448492399676 0.84323292282030415379 0.83392468152612198029 0.82843726640864345789 0.82104696619792194578 0.82672371518297693704 0.82399592045741043567 0.82185918898974785751 0.8167540879991337377 0.80540237143583726098 0.80444728322944325516 0.81125007112881997173 0.79564140735482469236 0.77018918867230923286 0.75673720781472442187 0.76049756215587316355 0.76315297518924551934 0.76123463588019213422 0.76637491322040240949 0.77337305474413264861 0.77455786384633251718 0.76876859620008475282 0.76723855667904683475 0.77365038129967522718 0.78337774787203828808 0.76748228569558585299 0.77491782011875354197 0.77410020741529095289 0.76952445775230671199 0.75876228548394963891 0.73602999763941823197 0.73557707394609317397 0.74663416917116620652 0.74512865901158131798 0.73860800209494836821 0.73666554237929915416 0.74350738650986936129 0.74659757329274534232 0.74095489647529166888 0.7474267644437732061 0.74884471562137899792 0.73564587241945278429 0.74074588430105858805 0.75525772254943157602 0.77130833478737981235
0.77049023034816843669 0.78616284408812620033 0.80106204796799540535 0.80646841607364172511 0.78718377888862189895 0.75963201186092110806 0.76035315930946445473 0.76562379278052372644 0.75646087217434287986 0.75669318263305951344 0.75826043474449278392 0.75291034914042476167 0.74702152188140813482 0.74150070912890886365 0.7333109142671943026 0.74680397694244238238 0.75938041639361930635 0.74480829892953281934 0.72233091552317918449 0.70154649734426766106 0.70571568201935075404 0.7182000108672418337 0.74038798331481292525 0.74092900497626834611 0.7359917226250305422 0.74464063831046656272 0.7445694325459557561 0.75027932524578411222 0.75383542520580915092 0.74151669974248646255 0.72864540953892042996 0.72499435221630870174 0.7053532081841646928 0.7091577195011102841 0.71047201995624642556 0.72578035617897207477 0.7332477518012034956 0.73700280011229069022 0.73277758046212793097 0.72838565528404852767 0.72355963507837994797 0.71679606805823670168 0.71440059885428941477 0.709676722884854283 0.70501383762853842008 0.71099328195916866591 0.71411618022193468214 0.70874872027669444385 0.70889626608385603035 0.71126583172328428084 0.71805602316357464154 0.71336171735388698156 0.73265971428295995072
0.59716629390118547427 0.5958909790270734419 0.62824028062984560439 0.63925763535417057248 0.63091840600118920257 0.63435950918032091295 0.64443584921939212062 0.64440595084555973848 0.66504469897385742883 0.67361140984097722662 0.68956194341964804906 0.66618519235605322404 0.63933673389762046835 0.64904671121784529575 0.64496333449959841744 0.65733079065374322436 0.67499366750450440211 0.68293017607179740125 0.68469300327688942254 0.6688508587109214254 0.66528021490958788586 0.6564314744575595606 0.66385785848034140066 0.6509521852873711989 0.64692801146788891931 0.66341424596281084458 0.66648996424525386306 0.67172507015795968055 0.66839762738289798527 0.66044743167021324748 0.65563719866851177809 0.65935686822332628676 0.67652656610947137228 0.67495584516997242375 0.67372630260631827248 0.66171809413738980066 0.66079818395585110391 0.65255065352607755091 0.6500455687076545086 0.65227726962612242456 0.65467377546120797405 0.6547044758504630968 0.65591813779218510749 0.66067123322916943007 0.65957141276785680173 0.65625662491196889992 0.66789971978443374301 0.67201759321759746424 0.66340143871473344905 0.65972173477723439206 0.6630819905406064585 0.66770148170368293083 0.6747009788843321143
0.41012996189346379028 0.41375765135853487253 0.41458137425586338853 0.42993775102998782467 0.46714793497233175756 0.50463280259401532835 0.53390017348997653723 0.53575418591372137023 0.51009877489440225151 0.5128697422650878579 0.50743660694474290729 0.51535677560485626536 0.51670054781860264015 0.51956554565786827737 0.5321910795634500202 0.54736865180090055194 0.57185595834933677928 0.60862928801806448487 0.61154573360657626946 0.60835068575707751393 0.57048734140261392334 0.58722267781426540356 0.57183788209080321785 0.55171944380292936572 0.54324091646327832272 0.57238752485817356863 0.59720547059163475723 0.62718050337422615037 0.62342891968797975455 0.60491306825594914898 0.60034848914435279266 0.6038119059089790408 0.58740625007023417048 0.60320711842935070823 0.59800115311465695811 0.581113557450477769 0.58476839011975645377 0.5969345618326601377 0.60467023442813416789 0.6096166016306505675 0.60836500783848224128 0.60032273243120093387 0.60004374754125444635 0.63042497523996943176 0.63198144402859468549 0.65027400062730600361 0.63455236419233318479 0.65613023933254110975 0.64920436640460577049 0.65951325513300140813 0.64814768637116726424 0.64045858929761434464 0.66028637062367856458
0.04359791246501890094 0.05601615036235810946 0.078255213155567576733 0.10500463116164653055 0.13276538613188196281 0.16598949444701291411 0.19775584234023074748 0.22696875381812209316 0.26247206705125469828 0.3039468957037140262 0.33992814404287385877 0.36163755630711169609 0.38687515313444947873 0.38326482909099163221 0.37882236088486626047 0.38497947651157587989 0.40022603601273837315 0.41228331099122356163 0.42149606079619095222 0.43605947182568782772 0.4771601623192310293 0.49583275393393216879 0.49627620356275475855 0.47781627614231403367 0.46404999977745980955 0.46594517642249277944 0.46677544218937899734 0.48466196853511100961 0.50592949523986308069 0.53402861357594100244 0.55411208245688114982 0.57090381177912075117 0.57002267469679457346 0.54507965652939927015 0.56110907852989977407 0.54918653576335751954 0.55435407039696027454 0.5300346389865044916 0.51873164049125963793 0.5438014537297342077 0.54707908300892471587 0.55794470298231457761 0.57826670637965049693 0.58077361743175059949 0.58583182158349023094 0.59430567759997166011 0.60224397192773648779 0.60305024532954043526 0.59842465022090518545 0.58137130530072334 0.58579636462675543918 0.59409505987449429121 0.59477841588596735978
0 0 0 0 0 0 0 0 0 3.2239221463793166775e-05 0.0056189685522480062319 0.019845533409109900741 0.034967531163722545551 0.049573671331934153483 0.063655812669659403435 0.081871782568982601203 0.10610246163906537908 0.12894206218194689817 0.14884117410912459101 0.17190354457974271751 0.19535553684240239414 0.21791983072723669634 0.2452210343755759081 0.27219934998825429107 0.30344909161228245109 0.3291469578726152756 0.33892583252604430166 0.35104531226710367076 0.35061624230299615057 0.35751783589022073651 0.36733831517279064149 0.39234945690953332287 0.39938215721347508635 0.42420219594693819865 0.4323666401368576051 0.435594452948133537 0.44791546254844288866 0.45327419018350917357 0.45583093192063567356 0.46619840989282401722 0.48340415164996236586 0.46398494100130655005 0.47138079661711729251 0.49493547018325023679 0.5046974922366056493 0.50430405166821845597 0.51462737687325699198 0.52407089583662214149 0.52067612108482408395 0.5237409652329475529 0.52630873283303636345 0.55068293240020815826 0.57459679536308472247
0 0 0 0 0 0 0 0 0 0 0 0 0 0 0 0 0 0 0 0 0 0 0 2.628466953020424537e-05 0.0050015472493597588205 0.0202808447551130408 0.038580960480466434948 0.05396934569260179726 0.07454876207237826069 0.091856023565808228581 0.11077785788834229597 0.13221606669763316666 0.14962152924775179441 0.16496511789010850912 0.18986931259994763166 0.22766493717671387742 0.26006620155838439112 0.28632369088501125054 0.29738194733931694325 0.29140101912245242044 0.28642794654187903047 0.33456678125247502065 0.36567962328069936184 0.36759999921098290843 0.36793446042542304886 0.37426509346805503231 0.37710033835589990003 0.37906516298853731861 0.39918934392124849619 0.42711634278077209581 0.43441693457733915329 0.44007050986055196162 0.45394996309330853945
0 0 0 0 0 0 0 0 0 0 0 0 0 0 0 0 0 0 0 0 0 0 0 0 0 0 0 0 0 0 0 0 0 0 0 0 0 0.00030352029640171474412 0.0052045375916982897224 0.014540497709209976654 0.023724067556761402331 0.032842416342422624254 0.043096854564453564163 0.055020432420611456448 0.076421210058580671398 0.099745558442423790102 0.1203441955388265816 0.13910782179680569737 0.15665007631341329453 0.18352375869887127546 0.21989797825752072091 0.2703923640920101179 0.30904793277514375216
0 0 0 0 0 0 0 0 0 0 0 0 0 0 0 0 0 0 0 0 0 0 0 0 0 0 0 0 0 0 0 0 0 0 0 0 0 0 0 0 0 0 0 0 0 0 0 0 0 0 0 0.00014262560149893709505 0.007282040573729000113
0 0 0 0 0 0 0 0 0 0 0 0 0 0 0 0 0 0 0 0 0 0 0 0 0 0 0 0 0 0 0 0 0 0 0 0 0 0 0 0 0 0 0 0 0 0 0 0 0 0 0 0 0
0 0 0 0 0 0 0 0 0 0 0 0 0 0 0 0 0 0 0 0 0 0 0 0 0 0 0 0 0 0 0 0 0 0 0 0 0 0 0 0 0 0 0 0 0 0 0 0 0 0 0 0 0
0 0 0 0 0 0 0 0 0 0 0 0 0 0 0 0 0 0 0 0 0 0 0 0 0 0 0 0 0 0 0 0 0 0 0 0 0 0 0 0 0 0 0 0 0 0 0 0 0 0 0 0 0
0 0 0 0 0 0 0 0 0 0 0 0 0 0 0 0 0 0 0 0 0 0 0 0 0 0 0 0 0 0 0 0 0 0 0 0 0 0 0 0 0 0 0 0 0 0 0 0 0 0 0 0 0
0 0 0 0 0 0 0 0 0 0 0 0 0 0 0 0 0 0 0 0 0 0 0 0 0 0 0 0 0 0 0 0 0 0 0 0 0 0 0 0 0 0 0 0 0 0 0 0 0 0 0 0 0
0 0 0 0 0 0 0 0 0 0 0 0 0 0 0 0 0 0 0 0 0 0 0 0 0 0 0 0 0 0 0 0 0 0 0 0 0 0 0 0 0 0 0 0 0 0 0 0 0 0 0 0 0
