debrisframe/data/sensitivityCoulombAverageTopoNoChannel/Inputs/DEM_DFTA_Topo_noChannel.asc
ncols        401
nrows        301
xllcorner    997.500000000000
yllcorner    -5002.500000000000
cellsize     5.000000000000
NODATA_value -9999
[rows 171 to 189 of 301, columns 258 to 300 of 401]
38.057832078355772865 37.085769238545935877 36.126281597181446159 35.179369154261848962 34.245031909787712721 33.323269863758469 32.414083016174572549 31.517471367035682306 30.633434916342139331 29.761973664093602565 28.903087610290185694 28.056776754932002405 27.223041098018711637 26.401880639550881824 25.593295379527944533 24.797285317950354511 24.01385045481765701 23.242990790130420464 22.48470632388807644 21.738997056091079685 21.005862986738975451 20.285304115832332172 19.577320443370581415 18.881911969354177927 18.19907869378266696 17.528820616656503262 16.871137737975232085 16.22603005773953555 15.593497575948731537 14.973540292603047419 14.366158207702596883 13.771351321247152555 13.189119633237055496 12.619463143671850958 12.062381852551993688 11.517875759877142627 10.985944865647638835 10.466589169863027564 9.9598086725237635619 9.4656033736293920811 8.9839732731804815558 8.5149183711764635518 8.0584386676177928166
38.057832078355772865 37.085769238545935877 36.126281597181446159 35.179369154261848962 34.245031909787712721 33.323269863758469 32.414083016174572549 31.517471367035682306 30.633434916342139331 29.761973664093602565 28.903087610290185694 28.056776754932002405 27.223041098018711637 26.401880639550881824 25.593295379527944533 24.797285317950354511 24.01385045481765701 23.242990790130420464 22.48470632388807644 21.738997056091079685 21.005862986738975451 20.285304115832332172 19.577320443370581415 18.881911969354177927 18.19907869378266696 17.528820616656503262 16.871137737975232085 16.22603005773953555 15.593497575948731537 14.973540292603047419 14.366158207702596883 13.771351321247152555 13.189119633237055496 12.619463143671850958 12.062381852551993688 11.517875759877142627 10.985944865647638835 10.466589169863027564 9.9598086725237635619 9.4656033736293920811 8.9839732731804815558 8.5149183711764635518 8.0584386676177928166
38.057832078355772865 37.085769238545935877 36.126281597181446159 35.179369154261848962 34.245031909787712721 33.323269863758469 32.414083016174572549 31.517471367035682306 30.633434916342139331 29.761973664093602565 28.903087610290185694 28.056776754932002405 27.223041098018711637 26.401880639550881824 25.593295379527944533 24.797285317950354511 24.01385045481765701 23.242990790130420464 22.48470632388807644 21.738997056091079685 21.005862986738975451 20.285304115832332172 19.577320443370581415 18.881911969354177927 18.19907869378266696 17.528820616656503262 16.871137737975232085 16.22603005773953555 15.593497575948731537 14.973540292603047419 14.366158207702596883 13.771351321247152555 13.189119633237055496 12.619463143671850958 12.062381852551993688 11.517875759877142627 10.985944865647638835 10.466589169863027564 9.9598086725237635619 9.4656033736293920811 8.9839732731804815558 8.5149183711764635518 8.0584386676177928166
38.057832078355772865 37.085769238545935877 36.126281597181446159 35.179369154261848962 34.245031909787712721 33.323269863758469 32.414083016174572549 31.517471367035682306 30.633434916342139331 29.761973664093602565 28.903087610290185694 28.056776754932002405 27.223041098018711637 26.401880639550881824 25.593295379527944533 24.797285317950354511 24.01385045481765701 23.242990790130420464 22.48470632388807644 21.738997056091079685 21.005862986738975451 20.285304115832332172 19.577320443370581415 18.881911969354177927 18.19907869378266696 17.528820616656503262 16.871137737975232085 16.22603005773953555 15.593497575948731537 14.973540292603047419 14.366158207702596883 13.771351321247152555 13.189119633237055496 12.619463143671850958 12.062381852551993688 11.517875759877142627 10.985944865647638835 10.466589169863027564 9.9598086725237635619 9.4656033736293920811 8.9839732731804815558 8.5149183711764635518 8.0584386676177928166
38.057832078355772865 37.085769238545935877 36.126281597181446159 35.179369154261848962 34.245031909787712721 33.323269863758469 32.414083016174572549 31.517471367035682306 30.633434916342139331 29.761973664093602565 28.903087610290185694 28.056776754932002405 27.223041098018711637 26.401880639550881824 25.593295379527944533 24.797285317950354511 24.01385045481765701 23.242990790130420464 22.48470632388807644 21.738997056091079685 21.005862986738975451 20.285304115832332172 19.577320443370581415 18.881911969354177927 18.19907869378266696 17.528820616656503262 16.871137737975232085 16.22603005773953555 15.593497575948731537 14.973540292603047419 14.366158207702596883 13.771351321247152555 13.189119633237055496 12.619463143671850958 12.062381852551993688 11.517875759877142627 10.985944865647638835 10.466589169863027564 9.9598086725237635619 9.4656033736293920811 8.9839732731804815558 8.5149183711764635518 8.0584386676177928166
38.057832078355772865 37.085769238545935877 36.126281597181446159 35.179369154261848962 34.245031909787712721 33.323269863758469 32.414083016174572549 31.517471367035682306 30.633434916342139331 29.761973664093602565 28.903087610290185694 28.056776754932002405 27.223041098018711637 26.401880639550881824 25.593295379527944533 24.797285317950354511 24.01385045481765701 23.242990790130420464 22.48470632388807644 21.738997056091079685 21.005862986738975451 20.285304115832332172 19.577320443370581415 18.881911969354177927 18.19907869378266696 17.528820616656503262 16.871137737975232085 16.22603005773953555 15.593497575948731537 14.973540292603047419 14.366158207702596883 13.771351321247152555 13.189119633237055496 12.619463143671850958 12.062381852551993688 11.517875759877142627 10.985944865647638835 10.466589169863027564 9.9598086725237635619 9.4656033736293920811 8.9839732731804815558 8.5149183711764635518 8.0584386676177928166
38.057832078355772865 37.085769238545935877 36.126281597181446159 35.179369154261848962 34.245031909787712721 33.323269863758469 32.414083016174572549 31.517471367035682306 30.633434916342139331 29.761973664093602565 28.903087610290185694 28.056776754932002405 27.223041098018711637 26.401880639550881824 25.593295379527944533 24.797285317950354511 24.01385045481765701 23.242990790130420464 22.48470632388807644 21.738997056091079685 21.005862986738975451 20.285304115832332172 19.577320443370581415 18.881911969354177927 18.19907869378266696 17.528820616656503262 16.871137737975232085 16.22603005773953555 15.593497575948731537 14.973540292603047419 14.366158207702596883 13.771351321247152555 13.189119633237055496 12.619463143671850958 12.062381852551993688 11.517875759877142627 10.985944865647638835 10.466589169863027564 9.9598086725237635619 9.4656033736293920811 8.9839732731804815558 8.5149183711764635518 8.0584386676177928166
38.057832078355772865 37.085769238545935877 36.126281597181446159 35.179369154261848962 34.245031909787712721 33.323269863758469 32.414083016174572549 31.517471367035682306 30.633434916342139331 29.761973664093602565 28.903087610290185694 28.056776754932002405 27.223041098018711637 26.401880639550881824 25.593295379527944533 24.797285317950354511 24.01385045481765701 23.242990790130420464 22.48470632388807644 21.738997056091079685 21.005862986738975451 20.285304115832332172 19.577320443370581415 18.881911969354177927 18.19907869378266696 17.528820616656503262 16.871137737975232085 16.22603005773953555 15.593497575948731537 14.973540292603047419 14.366158207702596883 13.771351321247152555 13.189119633237055496 12.619463143671850958 12.062381852551993688 11.517875759877142627 10.985944865647638835 10.466589169863027564 9.9598086725237635619 9.4656033736293920811 8.9839732731804815558 8.5149183711764635518 8.0584386676177928166
38.057832078355772865 37.085769238545935877 36.126281597181446159 35.179369154261848962 34.245031909787712721 33.323269863758469 32.414083016174572549 31.517471367035682306 30.633434916342139331 29.761973664093602565 28.903087610290185694 28.056776754932002405 27.223041098018711637 26.401880639550881824 25.593295379527944533 24.797285317950354511 24.01385045481765701 23.242990790130420464 22.48470632388807644 21.738997056091079685 21.005862986738975451 20.285304115832332172 19.577320443370581415 18.881911969354177927 18.19907869378266696 17.528820616656503262 16.871137737975232085 16.22603005773953555 15.593497575948731537 14.973540292603047419 14.366158207702596883 13.771351321247152555 13.189119633237055496 12.619463143671850958 12.062381852551993688 11.517875759877142627 10.985944865647638835 10.466589169863027564 9.9598086725237635619 9.4656033736293920811 8.9839732731804815558 8.5149183711764635518 8.0584386676177928166
38.057832078355772865 37.085769238545935877 36.126281597181446159 35.179369154261848962 34.245031909787712721 33.323269863758469 32.414083016174572549 31.517471367035682306 30.633434916342139331 29.761973664093602565 28.903087610290185694 28.056776754932002405 27.223041098018711637 26.401880639550881824 25.593295379527944533 24.797285317950354511 24.01385045481765701 23.242990790130420464 22.48470632388807644 21.738997056091079685 21.005862986738975451 20.285304115832332172 19.577320443370581415 18.881911969354177927 18.19907869378266696 17.528820616656503262 16.871137737975232085 16.22603005773953555 15.593497575948731537 14.973540292603047419 14.366158207702596883 13.771351321247152555 13.189119633237055496 12.619463143671850958 12.062381852551993688 11.517875759877142627 10.985944865647638835 10.466589169863027564 9.9598086725237635619 9.4656033736293920811 8.9839732731804815558 8.5149183711764635518 8.0584386676177928166
38.057832078355772865 37.085769238545935877 36.126281597181446159 35.179369154261848962 34.245031909787712721 33.323269863758469 32.414083016174572549 31.517471367035682306 30.633434916342139331 29.761973664093602565 28.903087610290185694 28.056776754932002405 27.223041098018711637 26.401880639550881824 25.593295379527944533 24.797285317950354511 24.01385045481765701 23.242990790130420464 22.48470632388807644 21.738997056091079685 21.005862986738975451 20.285304115832332172 19.577320443370581415 18.881911969354177927 18.19907869378266696 17.528820616656503262 16.871137737975232085 16.22603005773953555 15.593497575948731537 14.973540292603047419 14.366158207702596883 13.771351321247152555 13.189119633237055496 12.619463143671850958 12.062381852551993688 11.517875759877142627 10.985944865647638835 10.466589169863027564 9.9598086725237635619 9.4656033736293920811 8.9839732731804815558 8.5149183711764635518 8.0584386676177928166
38.057832078355772865 37.085769238545935877 36.126281597181446159 35.179369154261848962 34.245031909787712721 33.323269863758469 32.414083016174572549 31.517471367035682306 30.633434916342139331 29.761973664093602565 28.903087610290185694 28.056776754932002405 27.223041098018711637 26.401880639550881824 25.593295379527944533 24.797285317950354511 24.01385045481765701 23.242990790130420464 22.48470632388807644 21.738997056091079685 21.005862986738975451 20.285304115832332172 19.577320443370581415 18.881911969354177927 18.19907869378266696 17.528820616656503262 16.871137737975232085 16.22603005773953555 15.593497575948731537 14.973540292603047419 14.366158207702596883 13.771351321247152555 13.189119633237055496 12.619463143671850958 12.062381852551993688 11.517875759877142627 10.985944865647638835 10.466589169863027564 9.9598086725237635619 9.4656033736293920811 8.9839732731804815558 8.5149183711764635518 8.0584386676177928166
38.057832078355772865 37.085769238545935877 36.126281597181446159 35.179369154261848962 34.245031909787712721 33.323269863758469 32.414083016174572549 31.517471367035682306 30.633434916342139331 29.761973664093602565 28.903087610290185694 28.056776754932002405 27.223041098018711637 26.401880639550881824 25.593295379527944533 24.797285317950354511 24.01385045481765701 23.242990790130420464 22.48470632388807644 21.738997056091079685 21.005862986738975451 20.285304115832332172 19.577320443370581415 18.881911969354177927 18.19907869378266696 17.528820616656503262 16.871137737975232085 16.22603005773953555 15.593497575948731537 14.973540292603047419 14.366158207702596883 13.771351321247152555 13.189119633237055496 12.619463143671850958 12.062381852551993688 11.517875759877142627 10.985944865647638835 10.466589169863027564 9.9598086725237635619 9.4656033736293920811 8.9839732731804815558 8.5149183711764635518 8.0584386676177928166
38.057832078355772865 37.085769238545935877 36.126281597181446159 35.179369154261848962 34.245031909787712721 33.323269863758469 32.414083016174572549 31.517471367035682306 30.633434916342139331 29.761973664093602565 28.903087610290185694 28.056776754932002405 27.223041098018711637 26.401880639550881824 25.593295379527944533 24.797285317950354511 24.01385045481765701 23.242990790130420464 22.48470632388807644 21.738997056091079685 21.005862986738975451 20.285304115832332172 19.577320443370581415 18.881911969354177927 18.19907869378266696 17.528820616656503262 16.871137737975232085 16.22603005773953555 15.593497575948731537 14.973540292603047419 14.366158207702596883 13.771351321247152555 13.189119633237055496 12.619463143671850958 12.062381852551993688 11.517875759877142627 10.985944865647638835 10.466589169863027564 9.9598086725237635619 9.4656033736293920811 8.9839732731804815558 8.5149183711764635518 8.0584386676177928166
38.057832078355772865 37.085769238545935877 36.126281597181446159 35.179369154261848962 34.245031909787712721 33.323269863758469 32.414083016174572549 31.517471367035682306 30.633434916342139331 29.761973664093602565 28.903087610290185694 28.056776754932002405 27.223041098018711637 26.401880639550881824 25.593295379527944533 24.797285317950354511 24.01385045481765701 23.242990790130420464 22.48470632388807644 21.738997056091079685 21.005862986738975451 20.285304115832332172 19.577320443370581415 18.881911969354177927 18.19907869378266696 17.528820616656503262 16.871137737975232085 16.22603005773953555 15.593497575948731537 14.973540292603047419 14.366158207702596883 13.771351321247152555 13.189119633237055496 12.619463143671850958 12.062381852551993688 11.517875759877142627 10.985944865647638835 10.466589169863027564 9.9598086725237635619 9.4656033736293920811 8.9839732731804815558 8.5149183711764635518 8.0584386676177928166
38.057832078355772865 37.085769238545935877 36.126281597181446159 35.179369154261848962 34.245031909787712721 33.323269863758469 32.414083016174572549 31.517471367035682306 30.633434916342139331 29.761973664093602565 28.903087610290185694 28.056776754932002405 27.223041098018711637 26.401880639550881824 25.593295379527944533 24.797285317950354511 24.01385045481765701 23.242990790130420464 22.48470632388807644 21.738997056091079685 21.005862986738975451 20.285304115832332172 19.577320443370581415 18.881911969354177927 18.19907869378266696 17.528820616656503262 16.871137737975232085 16.22603005773953555 15.593497575948731537 14.973540292603047419 14.366158207702596883 13.771351321247152555 13.189119633237055496 12.619463143671850958 12.062381852551993688 11.517875759877142627 10.985944865647638835 10.466589169863027564 9.9598086725237635619 9.4656033736293920811 8.9839732731804815558 8.5149183711764635518 8.0584386676177928166
38.057832078355772865 37.085769238545935877 36.126281597181446159 35.179369154261848962 34.245031909787712721 33.323269863758469 32.414083016174572549 31.517471367035682306 30.633434916342139331 29.761973664093602565 28.903087610290185694 28.056776754932002405 27.223041098018711637 26.401880639550881824 25.593295379527944533 24.797285317950354511 24.01385045481765701 23.242990790130420464 22.48470632388807644 21.738997056091079685 21.005862986738975451 20.285304115832332172 19.577320443370581415 18.881911969354177927 18.19907869378266696 17.528820616656503262 16.871137737975232085 16.22603005773953555 15.593497575948731537 14.973540292603047419 14.366158207702596883 13.771351321247152555 13.189119633237055496 12.619463143671850958 12.062381852551993688 11.517875759877142627 10.985944865647638835 10.466589169863027564 9.9598086725237635619 9.4656033736293920811 8.9839732731804815558 8.5149183711764635518 8.0584386676177928166
38.057832078355772865 37.085769238545935877 36.126281597181446159 35.179369154261848962 34.245031909787712721 33.323269863758469 32.414083016174572549 31.517471367035682306 30.633434916342139331 29.761973664093602565 28.903087610290185694 28.056776754932002405 27.223041098018711637 26.401880639550881824 25.593295379527944533 24.797285317950354511 24.01385045481765701 23.242990790130420464 22.48470632388807644 21.738997056091079685 21.005862986738975451 20.285304115832332172 19.577320443370581415 18.881911969354177927 18.19907869378266696 17.528820616656503262 16.871137737975232085 16.22603005773953555 15.593497575948731537 14.973540292603047419 14.366158207702596883 13.771351321247152555 13.189119633237055496 12.619463143671850958 12.062381852551993688 11.517875759877142627 10.985944865647638835 10.466589169863027564 9.9598086725237635619 9.4656033736293920811 8.9839732731804815558 8.5149183711764635518 8.0584386676177928166
38.057832078355772865 37.085769238545935877 36.126281597181446159 35.179369154261848962 34.245031909787712721 33.323269863758469 32.414083016174572549 31.517471367035682306 30.633434916342139331 29.761973664093602565 28.903087610290185694 28.056776754932002405 27.223041098018711637 26.401880639550881824 25.593295379527944533 24.797285317950354511 24.01385045481765701 23.242990790130420464 22.48470632388807644 21.738997056091079685 21.005862986738975451 20.285304115832332172 19.577320443370581415 18.881911969354177927 18.19907869378266696 17.528820616656503262 16.871137737975232085 16.22603005773953555 15.593497575948731537 14.973540292603047419 14.366158207702596883 13.771351321247152555 13.189119633237055496 12.619463143671850958 12.062381852551993688 11.517875759877142627 10.985944865647638835 10.466589169863027564 9.9598086725237635619 9.4656033736293920811 8.9839732731804815558 8.5149183711764635518 8.0584386676177928166
