debrisframe/data/sensitivityCoulombAverageTopoNoChannel/Inputs/DEM_DFTA_Topo_noChannel.asc
ncols        401
nrows        301
xllcorner    997.500000000000
yllcorner    -5002.500000000000
cellsize     5.000000000000
NODATA_value -9999
[rows 152 to 170 of 301, columns 129 to 171 of 401]
268.89697737634890018 266.30271393711552719 263.72102569632721725 261.15191265398408405 258.59537481008612758 256.05141216463329101 253.52002471762557434 251.0012124690630344 248.49497541894561436 246.00131356727337106 243.52022691404624766 241.05171545926430099 238.59577920292747422 236.15241814503576734 233.72163228558935089 231.30342162458794064 228.89778616203170714 226.50472589792059352 224.1242408322547135 221.75633096503383968 219.40099629625819944 217.05823682592767909 214.72805255404227864 212.41044348060211178 210.10540960560700796 207.81295092905702404 205.5330674509522737 203.26575917129264326 201.01102609007807587 198.76886820730874206 196.53928552298452814 194.32227803710543412 192.11784574967157369 189.92598866068283314 187.74670677013921249 185.58000007804071174 183.42586858438744457 181.28431228917918361 179.15533119241615623 177.03892529409824874 174.93509459422546115 172.84383909279790714 170.76515878981535934
268.89697737634890018 266.30271393711552719 263.72102569632721725 261.15191265398408405 258.59537481008612758 256.05141216463329101 253.52002471762557434 251.0012124690630344 248.49497541894561436 246.00131356727337106 243.52022691404624766 241.05171545926430099 238.59577920292747422 236.15241814503576734 233.72163228558935089 231.30342162458794064 228.89778616203170714 226.50472589792059352 224.1242408322547135 221.75633096503383968 219.40099629625819944 217.05823682592767909 214.72805255404227864 212.41044348060211178 210.10540960560700796 207.81295092905702404 205.5330674509522737 203.26575917129264326 201.01102609007807587 198.76886820730874206 196.53928552298452814 194.32227803710543412 192.11784574967157369 189.92598866068283314 187.74670677013921249 185.58000007804071174 183.42586858438744457 181.28431228917918361 179.15533119241615623 177.03892529409824874 174.93509459422546115 172.84383909279790714 170.76515878981535934
268.89697737634890018 266.30271393711552719 263.72102569632721725 261.15191265398408405 258.59537481008612758 256.05141216463329101 253.52002471762557434 251.0012124690630344 248.49497541894561436 246.00131356727337106 243.52022691404624766 241.05171545926430099 238.59577920292747422 236.15241814503576734 233.72163228558935089 231.30342162458794064 228.89778616203170714 226.50472589792059352 224.1242408322547135 221.75633096503383968 219.40099629625819944 217.05823682592767909 214.72805255404227864 212.41044348060211178 210.10540960560700796 207.81295092905702404 205.5330674509522737 203.26575917129264326 201.01102609007807587 198.76886820730874206 196.53928552298452814 194.32227803710543412 192.11784574967157369 189.92598866068283314 187.74670677013921249 185.58000007804071174 183.42586858438744457 181.28431228917918361 179.15533119241615623 177.03892529409824874 174.93509459422546115 172.84383909279790714 170.76515878981535934
268.89697737634890018 266.30271393711552719 263.72102569632721725 261.15191265398408405 258.59537481008612758 256.05141216463329101 253.52002471762557434 251.0012124690630344 248.49497541894561436 246.00131356727337106 243.52022691404624766 241.05171545926430099 238.59577920292747422 236.15241814503576734 233.72163228558935089 231.30342162458794064 228.89778616203170714 226.50472589792059352 224.1242408322547135 221.75633096503383968 219.40099629625819944 217.05823682592767909 214.72805255404227864 212.41044348060211178 210.10540960560700796 207.81295092905702404 205.5330674509522737 203.26575917129264326 201.01102609007807587 198.76886820730874206 196.53928552298452814 194.32227803710543412 192.11784574967157369 189.92598866068283314 187.74670677013921249 185.58000007804071174 183.42586858438744457 181.28431228917918361 179.15533119241615623 177.03892529409824874 174.93509459422546115 172.84383909279790714 170.76515878981535934
268.89697737634890018 266.30271393711552719 263.72102569632721725 261.15191265398408405 258.59537481008612758 256.05141216463329101 253.52002471762557434 251.0012124690630344 248.49497541894561436 246.00131356727337106 243.52022691404624766 241.05171545926430099 238.59577920292747422 236.15241814503576734 233.72163228558935089 231.30342162458794064 228.89778616203170714 226.50472589792059352 224.1242408322547135 221.75633096503383968 219.40099629625819944 217.05823682592767909 214.72805255404227864 212.41044348060211178 210.10540960560700796 207.81295092905702404 205.5330674509522737 203.26575917129264326 201.01102609007807587 198.76886820730874206 196.53928552298452814 194.32227803710543412 192.11784574967157369 189.92598866068283314 187.74670677013921249 185.58000007804071174 183.42586858438744457 181.28431228917918361 179.15533119241615623 177.03892529409824874 174.93509459422546115 172.84383909279790714 170.76515878981535934
268.89697737634890018 266.30271393711552719 263.72102569632721725 261.15191265398408405 258.59537481008612758 256.05141216463329101 253.52002471762557434 251.0012124690630344 248.49497541894561436 246.00131356727337106 243.52022691404624766 241.05171545926430099 238.59577920292747422 236.15241814503576734 233.72163228558935089 231.30342162458794064 228.89778616203170714 226.50472589792059352 224.1242408322547135 221.75633096503383968 219.40099629625819944 217.05823682592767909 214.72805255404227864 212.41044348060211178 210.10540960560700796 207.81295092905702404 205.5330674509522737 203.26575917129264326 201.01102609007807587 198.76886820730874206 196.53928552298452814 194.32227803710543412 192.11784574967157369 189.92598866068283314 187.74670677013921249 185.58000007804071174 183.42586858438744457 181.28431228917918361 179.15533119241615623 177.03892529409824874 174.93509459422546115 172.84383909279790714 170.76515878981535934
268.89697737634890018 266.30271393711552719 263.72102569632721725 261.15191265398408405 258.59537481008612758 256.05141216463329101 253.52002471762557434 251.0012124690630344 248.49497541894561436 246.00131356727337106 243.52022691404624766 241.05171545926430099 238.59577920292747422 236.15241814503576734 233.72163228558935089 231.30342162458794064 228.89778616203170714 226.50472589792059352 224.1242408322547135 221.75633096503383968 219.40099629625819944 217.05823682592767909 214.72805255404227864 212.41044348060211178 210.10540960560700796 207.81295092905702404 205.5330674509522737 203.26575917129264326 201.01102609007807587 198.76886820730874206 196.53928552298452814 194.32227803710543412 192.11784574967157369 189.92598866068283314 187.74670677013921249 185.58000007804071174 183.42586858438744457 181.28431228917918361 179.15533119241615623 177.03892529409824874 174.93509459422546115 172.84383909279790714 170.76515878981535934
268.89697737634890018 266.30271393711552719 263.72102569632721725 261.15191265398408405 258.59537481008612758 256.05141216463329101 253.52002471762557434 251.0012124690630344 248.49497541894561436 246.00131356727337106 243.52022691404624766 241.05171545926430099 238.59577920292747422 236.15241814503576734 233.72163228558935089 231.30342162458794064 228.89778616203170714 226.50472589792059352 224.1242408322547135 221.75633096503383968 219.40099629625819944 217.05823682592767909 214.72805255404227864 212.41044348060211178 210.10540960560700796 207.81295092905702404 205.5330674509522737 203.26575917129264326 201.01102609007807587 198.76886820730874206 196.53928552298452814 194.32227803710543412 192.11784574967157369 189.92598866068283314 187.74670677013921249 185.58000007804071174 183.42586858438744457 181.28431228917918361 179.15533119241615623 177.03892529409824874 174.93509459422546115 172.84383909279790714 170.76515878981535934
268.89697737634890018 266.30271393711552719 263.72102569632721725 261.15191265398408405 258.59537481008612758 256.05141216463329101 253.52002471762557434 251.0012124690630344 248.49497541894561436 246.00131356727337106 243.52022691404624766 241.05171545926430099 238.59577920292747422 236.15241814503576734 233.72163228558935089 231.30342162458794064 228.89778616203170714 226.50472589792059352 224.1242408322547135 221.75633096503383968 219.40099629625819944 217.05823682592767909 214.72805255404227864 212.41044348060211178 210.10540960560700796 207.81295092905702404 205.5330674509522737 203.26575917129264326 201.01102609007807587 198.76886820730874206 196.53928552298452814 194.32227803710543412 192.11784574967157369 189.92598866068283314 187.74670677013921249 185.58000007804071174 183.42586858438744457 181.28431228917918361 179.15533119241615623 177.03892529409824874 174.93509459422546115 172.84383909279790714 170.76515878981535934
268.89697737634890018 266.30271393711552719 263.72102569632721725 261.15191265398408405 258.59537481008612758 256.05141216463329101 253.52002471762557434 251.0012124690630344 248.49497541894561436 246.00131356727337106 243.52022691404624766 241.05171545926430099 238.59577920292747422 236.15241814503576734 233.72163228558935089 231.30342162458794064 228.89778616203170714 226.50472589792059352 224.1242408322547135 221.75633096503383968 219.40099629625819944 217.05823682592767909 214.72805255404227864 212.41044348060211178 210.10540960560700796 207.81295092905702404 205.5330674509522737 203.26575917129264326 201.01102609007807587 198.76886820730874206 196.53928552298452814 194.32227803710543412 192.11784574967157369 189.92598866068283314 187.74670677013921249 185.58000007804071174 183.42586858438744457 181.28431228917918361 179.15533119241615623 177.03892529409824874 174.93509459422546115 172.84383909279790714 170.76515878981535934
268.89697737634890018 266.30271393711552719 263.72102569632721725 261.15191265398408405 258.59537481008612758 256.05141216463329101 253.52002471762557434 251.0012124690630344 248.49497541894561436 246.00131356727337106 243.52022691404624766 241.05171545926430099 238.59577920292747422 236.15241814503576734 233.72163228558935089 231.30342162458794064 228.89778616203170714 226.50472589792059352 224.1242408322547135 221.75633096503383968 219.40099629625819944 217.05823682592767909 214.72805255404227864 212.41044348060211178 210.10540960560700796 207.81295092905702404 205.5330674509522737 203.26575917129264326 201.01102609007807587 198.76886820730874206 196.53928552298452814 194.32227803710543412 192.11784574967157369 189.92598866068283314 187.74670677013921249 185.58000007804071174 183.42586858438744457 181.28431228917918361 179.15533119241615623 177.03892529409824874 174.93509459422546115 172.84383909279790714 170.76515878981535934
268.89697737634890018 266.30271393711552719 263.72102569632721725 261.15191265398408405 258.59537481008612758 256.05141216463329101 253.52002471762557434 251.0012124690630344 248.49497541894561436 246.00131356727337106 243.52022691404624766 241.05171545926430099 238.59577920292747422 236.15241814503576734 233.72163228558935089 231.30342162458794064 228.89778616203170714 226.50472589792059352 224.1242408322547135 221.75633096503383968 219.40099629625819944 217.05823682592767909 214.72805255404227864 212.41044348060211178 210.10540960560700796 207.81295092905702404 205.5330674509522737 203.26575917129264326 201.01102609007807587 198.76886820730874206 196.53928552298452814 194.32227803710543412 192.11784574967157369 189.92598866068283314 187.74670677013921249 185.58000007804071174 183.42586858438744457 181.28431228917918361 179.15533119241615623 177.03892529409824874 174.93509459422546115 172.84383909279790714 170.76515878981535934
268.89697737634890018 266.30271393711552719 263.72102569632721725 261.15191265398408405 258.59537481008612758 256.05141216463329101 253.52002471762557434 251.0012124690630344 248.49497541894561436 246.00131356727337106 243.52022691404624766 241.05171545926430099 238.59577920292747422 236.15241814503576734 233.72163228558935089 231.30342162458794064 228.89778616203170714 226.50472589792059352 224.1242408322547135 221.75633096503383968 219.40099629625819944 217.05823682592767909 214.72805255404227864 212.41044348060211178 210.10540960560700796 207.81295092905702404 205.5330674509522737 203.26575917129264326 201.01102609007807587 198.76886820730874206 196.53928552298452814 194.32227803710543412 192.11784574967157369 189.92598866068283314 187.74670677013921249 185.58000007804071174 183.42586858438744457 181.28431228917918361 179.15533119241615623 177.03892529409824874 174.93509459422546115 172.84383909279790714 170.76515878981535934
268.89697737634890018 266.30271393711552719 263.72102569632721725 261.15191265398408405 258.59537481008612758 256.05141216463329101 253.52002471762557434 251.0012124690630344 248.49497541894561436 246.00131356727337106 243.52022691404624766 241.05171545926430099 238.59577920292747422 236.15241814503576734 233.72163228558935089 231.30342162458794064 228.89778616203170714 226.50472589792059352 224.1242408322547135 221.75633096503383968 219.40099629625819944 217.05823682592767909 214.72805255404227864 212.41044348060211178 210.10540960560700796 207.81295092905702404 205.5330674509522737 203.26575917129264326 201.01102609007807587 198.76886820730874206 196.53928552298452814 194.32227803710543412 192.11784574967157369 189.92598866068283314 187.74670677013921249 185.58000007804071174 183.42586858438744457 181.28431228917918361 179.15533119241615623 177.03892529409824874 174.93509459422546115 172.84383909279790714 170.76515878981535934
268.89697737634890018 266.30271393711552719 263.72102569632721725 261.15191265398408405 258.59537481008612758 256.05141216463329101 253.52002471762557434 251.0012124690630344 248.49497541894561436 246.00131356727337106 243.52022691404624766 241.05171545926430099 238.59577920292747422 236.15241814503576734 233.72163228558935089 231.30342162458794064 228.89778616203170714 226.50472589792059352 224.1242408322547135 221.75633096503383968 219.40099629625819944 217.05823682592767909 214.72805255404227864 212.41044348060211178 210.10540960560700796 207.81295092905702404 205.5330674509522737 203.26575917129264326 201.01102609007807587 198.76886820730874206 196.53928552298452814 194.32227803710543412 192.11784574967157369 189.92598866068283314 187.74670677013921249 185.58000007804071174 183.42586858438744457 181.28431228917918361 179.15533119241615623 177.03892529409824874 174.93509459422546115 172.84383909279790714 170.76515878981535934
268.89697737634890018 266.30271393711552719 263.72102569632721725 261.15191265398408405 258.59537481008612758 256.05141216463329101 253.52002471762557434 251.0012124690630344 248.49497541894561436 246.00131356727337106 243.52022691404624766 241.05171545926430099 238.59577920292747422 236.15241814503576734 233.72163228558935089 231.30342162458794064 228.89778616203170714 226.50472589792059352 224.1242408322547135 221.75633096503383968 219.40099629625819944 217.05823682592767909 214.72805255404227864 212.41044348060211178 210.10540960560700796 207.81295092905702404 205.5330674509522737 203.26575917129264326 201.01102609007807587 198.76886820730874206 196.53928552298452814 194.32227803710543412 192.11784574967157369 189.92598866068283314 187.74670677013921249 185.58000007804071174 183.42586858438744457 181.28431228917918361 179.15533119241615623 177.03892529409824874 174.93509459422546115 172.84383909279790714 170.76515878981535934
268.89697737634890018 266.30271393711552719 263.72102569632721725 261.15191265398408405 258.59537481008612758 256.05141216463329101 253.52002471762557434 251.0012124690630344 248.49497541894561436 246.00131356727337106 243.52022691404624766 241.05171545926430099 238.59577920292747422 236.15241814503576734 233.72163228558935089 231.30342162458794064 228.89778616203170714 226.50472589792059352 224.1242408322547135 221.75633096503383968 219.40099629625819944 217.05823682592767909 214.72805255404227864 212.41044348060211178 210.10540960560700796 207.81295092905702404 205.5330674509522737 203.26575917129264326 201.01102609007807587 198.76886820730874206 196.53928552298452814 194.32227803710543412 192.11784574967157369 189.92598866068283314 187.74670677013921249 185.58000007804071174 183.42586858438744457 181.28431228917918361 179.15533119241615623 177.03892529409824874 174.93509459422546115 172.84383909279790714 170.76515878981535934
268.89697737634890018 266.30271393711552719 263.72102569632721725 261.15191265398408405 258.59537481008612758 256.05141216463329101 253.52002471762557434 251.0012124690630344 248.49497541894561436 246.00131356727337106 243.52022691404624766 241.05171545926430099 238.59577920292747422 236.15241814503576734 233.72163228558935089 231.30342162458794064 228.89778616203170714 226.50472589792059352 224.1242408322547135 221.75633096503383968 219.40099629625819944 217.05823682592767909 214.72805255404227864 212.41044348060211178 210.10540960560700796 207.81295092905702404 205.5330674509522737 203.26575917129264326 201.01102609007807587 198.76886820730874206 196.53928552298452814 194.32227803710543412 192.11784574967157369 189.92598866068283314 187.74670677013921249 185.58000007804071174 183.42586858438744457 181.28431228917918361 179.15533119241615623 177.03892529409824874 174.93509459422546115 172.84383909279790714 170.76515878981535934
268.89697737634890018 266.30271393711552719 263.72102569632721725 261.15191265398408405 258.59537481008612758 256.05141216463329101 253.52002471762557434 251.0012124690630344 248.49497541894561436 246.00131356727337106 243.52022691404624766 241.05171545926430099 238.59577920292747422 236.15241814503576734 233.72163228558935089 231.30342162458794064 228.89778616203170714 226.50472589792059352 224.1242408322547135 221.75633096503383968 219.40099629625819944 217.05823682592767909 214.72805255404227864 212.41044348060211178 210.10540960560700796 207.81295092905702404 205.5330674509522737 203.26575917129264326 201.01102609007807587 198.76886820730874206 196.53928552298452814 194.32227803710543412 192.11784574967157369 189.92598866068283314 187.74670677013921249 185.58000007804071174 183.42586858438744457 181.28431228917918361 179.15533119241615623 177.03892529409824874 174.93509459422546115 172.84383909279790714 170.76515878981535934
