debrisframe/data/sensitivityCoulombAverageTopoNoChannel/Inputs/DEM_DFTA_Topo_noChannel.asc
ncols        401
nrows        301
xllcorner    997.500000000000
yllcorner    -5002.500000000000
cellsize     5.000000000000
NODATA_value -9999
[rows 76 to 94 of 301, columns 0 to 42 of 401]
709 704.78353596134286363 700.57964712113096084 696.38833347936406426 692.20959503604240126 688.04343179116585816 683.88984374473443495 679.74883089674824532 675.62039324720717559 671.50453079611111207 667.40124354346039581 663.31053148925468577 659.23239463349409561 655.16683297617873905 651.11384651730850237 647.07343525688349928 643.04559919490350239 639.03033833136873909 635.02765266627909568 631.03754219963457217 627.06000693143516855 623.09504686168099852 619.14266199037183469 615.20285231750801813 611.27561784308920778 607.36095856711551733 603.45887448958706045 599.56936561050372347 595.69243192986550639 591.8280734476724092 587.9762901639245456 584.13708207862180188 580.31044919176417807 576.49639150335167415 572.69490901338440381 568.90600172186213968 565.12966962878510913 561.36591273415319847 557.6147310379665214 553.87612454022485053 550.15009324092841325 546.43663714007709586 542.73575623767089837
709 704.78353596134286363 700.57964712113096084 696.38833347936406426 692.20959503604240126 688.04343179116585816 683.88984374473443495 679.74883089674824532 675.62039324720717559 671.50453079611111207 667.40124354346039581 663.31053148925468577 659.23239463349409561 655.16683297617873905 651.11384651730850237 647.07343525688349928 643.04559919490350239 639.03033833136873909 635.02765266627909568 631.03754219963457217 627.06000693143516855 623.09504686168099852 619.14266199037183469 615.20285231750801813 611.27561784308920778 607.36095856711551733 603.45887448958706045 599.56936561050372347 595.69243192986550639 591.8280734476724092 587.9762901639245456 584.13708207862180188 580.31044919176417807 576.49639150335167415 572.69490901338440381 568.90600172186213968 565.12966962878510913 561.36591273415319847 557.6147310379665214 553.87612454022485053 550.15009324092841325 546.43663714007709586 542.73575623767089837
709 704.78353596134286363 700.57964712113096084 696.38833347936406426 692.20959503604240126 688.04343179116585816 683.88984374473443495 679.74883089674824532 675.62039324720717559 671.50453079611111207 667.40124354346039581 663.31053148925468577 659.23239463349409561 655.16683297617873905 651.11384651730850237 647.07343525688349928 643.04559919490350239 639.03033833136873909 635.02765266627909568 631.03754219963457217 627.06000693143516855 623.09504686168099852 619.14266199037183469 615.20285231750801813 611.27561784308920778 607.36095856711551733 603.45887448958706045 599.56936561050372347 595.69243192986550639 591.8280734476724092 587.9762901639245456 584.13708207862180188 580.31044919176417807 576.49639150335167415 572.69490901338440381 568.90600172186213968 565.12966962878510913 561.36591273415319847 557.6147310379665214 553.87612454022485053 550.15009324092841325 546.43663714007709586 542.73575623767089837
709 704.78353596134286363 700.57964712113096084 696.38833347936406426 692.20959503604240126 688.04343179116585816 683.88984374473443495 679.74883089674824532 675.62039324720717559 671.50453079611111207 667.40124354346039581 663.31053148925468577 659.23239463349409561 655.16683297617873905 651.11384651730850237 647.07343525688349928 643.04559919490350239 639.03033833136873909 635.02765266627909568 631.03754219963457217 627.06000693143516855 623.09504686168099852 619.14266199037183469 615.20285231750801813 611.27561784308920778 607.36095856711551733 603.45887448958706045 599.56936561050372347 595.69243192986550639 591.8280734476724092 587.9762901639245456 584.13708207862180188 580.31044919176417807 576.49639150335167415 572.69490901338440381 568.90600172186213968 565.12966962878510913 561.36591273415319847 557.6147310379665214 553.87612454022485053 550.15009324092841325 546.43663714007709586 542.73575623767089837
709 704.78353596134286363 700.57964712113096084 696.38833347936406426 692.20959503604240126 688.04343179116585816 683.88984374473443495 679.74883089674824532 675.62039324720717559 671.50453079611111207 667.40124354346039581 663.31053148925468577 659.23239463349409561 655.16683297617873905 651.11384651730850237 647.07343525688349928 643.04559919490350239 639.03033833136873909 635.02765266627909568 631.03754219963457217 627.06000693143516855 623.09504686168099852 619.14266199037183469 615.20285231750801813 611.27561784308920778 607.36095856711551733 603.45887448958706045 599.56936561050372347 595.69243192986550639 591.8280734476724092 587.9762901639245456 584.13708207862180188 580.31044919176417807 576.49639150335167415 572.69490901338440381 568.90600172186213968 565.12966962878510913 561.36591273415319847 557.6147310379665214 553.87612454022485053 550.15009324092841325 546.43663714007709586 542.73575623767089837
709 704.78353596134286363 700.57964712113096084 696.38833347936406426 692.20959503604240126 688.04343179116585816 683.88984374473443495 679.74883089674824532 675.62039324720717559 671.50453079611111207 667.40124354346039581 663.31053148925468577 659.23239463349409561 655.16683297617873905 651.11384651730850237 647.07343525688349928 643.04559919490350239 639.03033833136873909 635.02765266627909568 631.03754219963457217 627.06000693143516855 623.09504686168099852 619.14266199037183469 615.20285231750801813 611.27561784308920778 607.36095856711551733 603.45887448958706045 599.56936561050372347 595.69243192986550639 591.8280734476724092 587.9762901639245456 584.13708207862180188 580.31044919176417807 576.49639150335167415 572.69490901338440381 568.90600172186213968 565.12966962878510913 561.36591273415319847 557.6147310379665214 553.87612454022485053 550.15009324092841325 546.43663714007709586 542.73575623767089837
709 704.78353596134286363 700.57964712113096084 696.38833347936406426 692.20959503604240126 688.04343179116585816 683.88984374473443495 679.74883089674824532 675.62039324720717559 671.50453079611111207 667.40124354346039581 663.31053148925468577 659.23239463349409561 655.16683297617873905 651.11384651730850237 647.07343525688349928 643.04559919490350239 639.03033833136873909 635.02765266627909568 631.03754219963457217 627.06000693143516855 623.09504686168099852 619.14266199037183469 615.20285231750801813 611.27561784308920778 607.36095856711551733 603.45887448958706045 599.56936561050372347 595.69243192986550639 591.8280734476724092 587.9762901639245456 584.13708207862180188 580.31044919176417807 576.49639150335167415 572.69490901338440381 568.90600172186213968 565.12966962878510913 561.36591273415319847 557.6147310379665214 553.87612454022485053 550.15009324092841325 546.43663714007709586 542.73575623767089837
709 704.78353596134286363 700.57964712113096084 696.38833347936406426 692.20959503604240126 688.04343179116585816 683.88984374473443495 679.74883089674824532 675.62039324720717559 671.50453079611111207 667.40124354346039581 663.31053148925468577 659.23239463349409561 655.16683297617873905 651.11384651730850237 647.07343525688349928 643.04559919490350239 639.03033833136873909 635.02765266627909568 631.03754219963457217 627.06000693143516855 623.09504686168099852 619.14266199037183469 615.20285231750801813 611.27561784308920778 607.36095856711551733 603.45887448958706045 599.56936561050372347 595.69243192986550639 591.8280734476724092 587.9762901639245456 584.13708207862180188 580.31044919176417807 576.49639150335167415 572.69490901338440381 568.90600172186213968 565.12966962878510913 561.36591273415319847 557.6147310379665214 553.87612454022485053 550.15009324092841325 546.43663714007709586 542.73575623767089837
709 704.78353596134286363 700.57964712113096084 696.38833347936406426 692.20959503604240126 688.04343179116585816 683.88984374473443495 679.74883089674824532 675.62039324720717559 671.50453079611111207 667.40124354346039581 663.31053148925468577 659.23239463349409561 655.16683297617873905 651.11384651730850237 647.07343525688349928 643.04559919490350239 639.03033833136873909 635.02765266627909568 631.03754219963457217 627.06000693143516855 623.09504686168099852 619.14266199037183469 615.20285231750801813 611.27561784308920778 607.36095856711551733 603.45887448958706045 599.56936561050372347 595.69243192986550639 591.8280734476724092 587.9762901639245456 584.13708207862180188 580.31044919176417807 576.49639150335167415 572.69490901338440381 568.90600172186213968 565.12966962878510913 561.36591273415319847 557.6147310379665214 553.87612454022485053 550.15009324092841325 546.43663714007709586 542.73575623767089837
709 704.78353596134286363 700.57964712113096084 696.38833347936406426 692.20959503604240126 688.04343179116585816 683.88984374473443495 679.74883089674824532 675.62039324720717559 671.50453079611111207 667.40124354346039581 663.31053148925468577 659.23239463349409561 655.16683297617873905 651.11384651730850237 647.07343525688349928 643.04559919490350239 639.03033833136873909 635.02765266627909568 631.03754219963457217 627.06000693143516855 623.09504686168099852 619.14266199037183469 615.20285231750801813 611.27561784308920778 607.36095856711551733 603.45887448958706045 599.56936561050372347 595.69243192986550639 591.8280734476724092 587.9762901639245456 584.13708207862180188 580.31044919176417807 576.49639150335167415 572.69490901338440381 568.90600172186213968 565.12966962878510913 561.36591273415319847 557.6147310379665214 553.87612454022485053 550.15009324092841325 546.43663714007709586 542.73575623767089837
709 704.78353596134286363 700.57964712113096084 696.38833347936406426 692.20959503604240126 688.04343179116585816 683.88984374473443495 679.74883089674824532 675.62039324720717559 671.50453079611111207 667.40124354346039581 663.31053148925468577 659.23239463349409561 655.16683297617873905 651.11384651730850237 647.07343525688349928 643.04559919490350239 639.03033833136873909 635.02765266627909568 631.03754219963457217 627.06000693143516855 623.09504686168099852 619.14266199037183469 615.20285231750801813 611.27561784308920778 607.36095856711551733 603.45887448958706045 599.56936561050372347 595.69243192986550639 591.8280734476724092 587.9762901639245456 584.13708207862180188 580.31044919176417807 576.49639150335167415 572.69490901338440381 568.90600172186213968 565.12966962878510913 561.36591273415319847 557.6147310379665214 553.87612454022485053 550.15009324092841325 546.43663714007709586 542.73575623767089837
709 704.78353596134286363 700.57964712113096084 696.38833347936406426 692.20959503604240126 688.04343179116585816 683.88984374473443495 679.74883089674824532 675.62039324720717559 671.50453079611111207 667.40124354346039581 663.31053148925468577 659.23239463349409561 655.16683297617873905 651.11384651730850237 647.07343525688349928 643.04559919490350239 639.03033833136873909 635.02765266627909568 631.03754219963457217 627.06000693143516855 623.09504686168099852 619.14266199037183469 615.20285231750801813 611.27561784308920778 607.36095856711551733 603.45887448958706045 599.56936561050372347 595.69243192986550639 591.8280734476724092 587.9762901639245456 584.13708207862180188 580.31044919176417807 576.49639150335167415 572.69490901338440381 568.90600172186213968 565.12966962878510913 561.36591273415319847 557.6147310379665214 553.87612454022485053 550.15009324092841325 546.43663714007709586 542.73575623767089837
709 704.78353596134286363 700.57964712113096084 696.38833347936406426 692.20959503604240126 688.04343179116585816 683.88984374473443495 679.74883089674824532 675.62039324720717559 671.50453079611111207 667.40124354346039581 663.31053148925468577 659.23239463349409561 655.16683297617873905 651.11384651730850237 647.07343525688349928 643.04559919490350239 639.03033833136873909 635.02765266627909568 631.03754219963457217 627.06000693143516855 623.09504686168099852 619.14266199037183469 615.20285231750801813 611.27561784308920778 607.36095856711551733 603.45887448958706045 599.56936561050372347 595.69243192986550639 591.8280734476724092 587.9762901639245456 584.13708207862180188 580.31044919176417807 576.49639150335167415 572.69490901338440381 568.90600172186213968 565.12966962878510913 561.36591273415319847 557.6147310379665214 553.87612454022485053 550.15009324092841325 546.43663714007709586 542.73575623767089837
709 704.78353596134286363 700.57964712113096084 696.38833347936406426 692.20959503604240126 688.04343179116585816 683.88984374473443495 679.74883089674824532 675.62039324720717559 671.50453079611111207 667.40124354346039581 663.31053148925468577 659.23239463349409561 655.16683297617873905 651.11384651730850237 647.07343525688349928 643.04559919490350239 639.03033833136873909 635.02765266627909568 631.03754219963457217 627.06000693143516855 623.09504686168099852 619.14266199037183469 615.20285231750801813 611.27561784308920778 607.36095856711551733 603.45887448958706045 599.56936561050372347 595.69243192986550639 591.8280734476724092 587.9762901639245456 584.13708207862180188 580.31044919176417807 576.49639150335167415 572.69490901338440381 568.90600172186213968 565.12966962878510913 561.36591273415319847 557.6147310379665214 553.87612454022485053 550.15009324092841325 546.43663714007709586 542.73575623767089837
709 704.78353596134286363 700.57964712113096084 696.38833347936406426 692.20959503604240126 688.04343179116585816 683.88984374473443495 679.74883089674824532 675.62039324720717559 671.50453079611111207 667.40124354346039581 663.31053148925468577 659.23239463349409561 655.16683297617873905 651.11384651730850237 647.07343525688349928 643.04559919490350239 639.03033833136873909 635.02765266627909568 631.03754219963457217 627.06000693143516855 623.09504686168099852 619.14266199037183469 615.20285231750801813 611.27561784308920778 607.36095856711551733 603.45887448958706045 599.56936561050372347 595.69243192986550639 591.8280734476724092 587.9762901639245456 584.13708207862180188 580.31044919176417807 576.49639150335167415 572.69490901338440381 568.90600172186213968 565.12966962878510913 561.36591273415319847 557.6147310379665214 553.87612454022485053 550.15009324092841325 546.43663714007709586 542.73575623767089837
709 704.78353596134286363 700.57964712113096084 696.38833347936406426 692.20959503604240126 688.04343179116585816 683.88984374473443495 679.74883089674824532 675.62039324720717559 671.50453079611111207 667.40124354346039581 663.31053148925468577 659.23239463349409561 655.16683297617873905 651.11384651730850237 647.07343525688349928 643.04559919490350239 639.03033833136873909 635.02765266627909568 631.03754219963457217 627.06000693143516855 623.09504686168099852 619.14266199037183469 615.20285231750801813 611.27561784308920778 607.36095856711551733 603.45887448958706045 599.56936561050372347 595.69243192986550639 591.8280734476724092 587.9762901639245456 584.13708207862180188 580.31044919176417807 576.49639150335167415 572.69490901338440381 568.90600172186213968 565.12966962878510913 561.36591273415319847 557.6147310379665214 553.87612454022485053 550.15009324092841325 546.43663714007709586 542.73575623767089837
709 704.78353596134286363 700.57964712113096084 696.38833347936406426 692.20959503604240126 688.04343179116585816 683.88984374473443495 679.74883089674824532 675.62039324720717559 671.50453079611111207 667.40124354346039581 663.31053148925468577 659.23239463349409561 655.16683297617873905 651.11384651730850237 647.07343525688349928 643.04559919490350239 639.03033833136873909 635.02765266627909568 631.03754219963457217 627.06000693143516855 623.09504686168099852 619.14266199037183469 615.20285231750801813 611.27561784308920778 607.36095856711551733 603.45887448958706045 599.56936561050372347 595.69243192986550639 591.8280734476724092 587.9762901639245456 584.13708207862180188 580.31044919176417807 576.49639150335167415 572.69490901338440381 568.90600172186213968 565.12966962878510913 561.36591273415319847 557.6147310379665214 553.87612454022485053 550.15009324092841325 546.43663714007709586 542.73575623767089837
709 704.78353596134286363 700.57964712113096084 696.38833347936406426 692.20959503604240126 688.04343179116585816 683.88984374473443495 679.74883089674824532 675.62039324720717559 671.50453079611111207 667.40124354346039581 663.31053148925468577 659.23239463349409561 655.16683297617873905 651.11384651730850237 647.07343525688349928 643.04559919490350239 639.03033833136873909 635.02765266627909568 631.03754219963457217 627.06000693143516855 623.09504686168099852 619.14266199037183469 615.20285231750801813 611.27561784308920778 607.36095856711551733 603.45887448958706045 599.56936561050372347 595.69243192986550639 591.8280734476724092 587.9762901639245456 584.13708207862180188 580.31044919176417807 576.49639150335167415 572.69490901338440381 568.90600172186213968 565.12966962878510913 561.36591273415319847 557.6147310379665214 553.87612454022485053 550.15009324092841325 546.43663714007709586 542.73575623767089837
709 704.78353596134286363 700.57964712113096084 696.38833347936406426 692.20959503604240126 688.04343179116585816 683.88984374473443495 679.74883089674824532 675.62039324720717559 671.50453079611111207 667.40124354346039581 663.31053148925468577 659.23239463349409561 655.16683297617873905 651.11384651730850237 647.07343525688349928 643.04559919490350239 639.03033833136873909 635.02765266627909568 631.03754219963457217 627.06000693143516855 623.09504686168099852 619.14266199037183469 615.20285231750801813 611.27561784308920778 607.36095856711551733 603.45887448958706045 599.56936561050372347 595.69243192986550639 591.8280734476724092 587.9762901639245456 584.13708207862180188 580.31044919176417807 576.49639150335167415 572.69490901338440381 568.90600172186213968 565.12966962878510913 561.36591273415319847 557.6147310379665214 553.87612454022485053 550.15009324092841325 546.43663714007709586 542.73575623767089837
