debrisframe/data/sensitivityCoulombAverageTopoNoChannel/Inputs/DEM_DFTA_Topo_noChannel.asc
ncols        401
nrows        301
xllcorner    997.500000000000
yllcorner    -5002.500000000000
cellsize     5.000000000000
NODATA_value -9999
[rows 95 to 113 of 301, columns 215 to 257 of 401]
91.752671919280373913 90.239875546329358258 88.739654371823462498 87.252008395762914006 85.776937618147485409 84.314442038977176708 82.864521658251874214 81.427176475971805303 80.002406492136856286 78.590211706747140852 77.190592119802431625 75.803547731302955981 74.429078541248600231 73.067184549639364377 71.717865756475248418 70.38112216175636604 69.056953765482603558 67.74536056765396097 66.446342568270438278 65.159899767332149167 63.886032164838979952 62.624739760790930632 61.376022555188001206 60.139880548030305363 58.916313739317729414 57.705322129050273361 56.506905717227937203 55.321064503850720939 54.147798488918738258 52.987107672431761785 51.83899205439013258 50.703451634793395897 49.580486413642120169 48.47009639093585065 47.372281566674587339 46.287041940858671296 45.214377513487761462 44.154288284562085209 43.106774254081301478 42.071835422045978703 41.049471788455662136 40.039683353310692837 39.042470116610502373
91.752671919280373913 90.239875546329358258 88.739654371823462498 87.252008395762914006 85.776937618147485409 84.314442038977176708 82.864521658251874214 81.427176475971805303 80.002406492136856286 78.590211706747140852 77.190592119802431625 75.803547731302955981 74.429078541248600231 73.067184549639364377 71.717865756475248418 70.38112216175636604 69.056953765482603558 67.74536056765396097 66.446342568270438278 65.159899767332149167 63.886032164838979952 62.624739760790930632 61.376022555188001206 60.139880548030305363 58.916313739317729414 57.705322129050273361 56.506905717227937203 55.321064503850720939 54.147798488918738258 52.987107672431761785 51.83899205439013258 50.703451634793395897 49.580486413642120169 48.47009639093585065 47.372281566674587339 46.287041940858671296 45.214377513487761462 44.154288284562085209 43.106774254081301478 42.071835422045978703 41.049471788455662136 40.039683353310692837 39.042470116610502373
91.752671919280373913 90.239875546329358258 88.739654371823462498 87.252008395762914006 85.776937618147485409 84.314442038977176708 82.864521658251874214 81.427176475971805303 80.002406492136856286 78.590211706747140852 77.190592119802431625 75.803547731302955981 74.429078541248600231 73.067184549639364377 71.717865756475248418 70.38112216175636604 69.056953765482603558 67.74536056765396097 66.446342568270438278 65.159899767332149167 63.886032164838979952 62.624739760790930632 61.376022555188001206 60.139880548030305363 58.916313739317729414 57.705322129050273361 56.506905717227937203 55.321064503850720939 54.147798488918738258 52.987107672431761785 51.83899205439013258 50.703451634793395897 49.580486413642120169 48.47009639093585065 47.372281566674587339 46.287041940858671296 45.214377513487761462 44.154288284562085209 43.106774254081301478 42.071835422045978703 41.049471788455662136 40.039683353310692837 39.042470116610502373
91.752671919280373913 90.239875546329358258 88.739654371823462498 87.252008395762914006 85.776937618147485409 84.314442038977176708 82.864521658251874214 81.427176475971805303 80.002406492136856286 78.590211706747140852 77.190592119802431625 75.803547731302955981 74.429078541248600231 73.067184549639364377 71.717865756475248418 70.38112216175636604 69.056953765482603558 67.74536056765396097 66.446342568270438278 65.159899767332149167 63.886032164838979952 62.624739760790930632 61.376022555188001206 60.139880548030305363 58.916313739317729414 57.705322129050273361 56.506905717227937203 55.321064503850720939 54.147798488918738258 52.987107672431761785 51.83899205439013258 50.703451634793395897 49.580486413642120169 48.47009639093585065 47.372281566674587339 46.287041940858671296 45.214377513487761462 44.154288284562085209 43.106774254081301478 42.071835422045978703 41.049471788455662136 40.039683353310692837 39.042470116610502373
91.752671919280373913 90.239875546329358258 88.739654371823462498 87.252008395762914006 85.776937618147485409 84.314442038977176708 82.864521658251874214 81.427176475971805303 80.002406492136856286 78.590211706747140852 77.190592119802431625 75.803547731302955981 74.429078541248600231 73.067184549639364377 71.717865756475248418 70.38112216175636604 69.056953765482603558 67.74536056765396097 66.446342568270438278 65.159899767332149167 63.886032164838979952 62.624739760790930632 61.376022555188001206 60.139880548030305363 58.916313739317729414 57.705322129050273361 56.506905717227937203 55.321064503850720939 54.147798488918738258 52.987107672431761785 51.83899205439013258 50.703451634793395897 49.580486413642120169 48.47009639093585065 47.372281566674587339 46.287041940858671296 45.214377513487761462 44.154288284562085209 43.106774254081301478 42.071835422045978703 41.049471788455662136 40.039683353310692837 39.042470116610502373
91.752671919280373913 90.239875546329358258 88.739654371823462498 87.252008395762914006 85.776937618147485409 84.314442038977176708 82.864521658251874214 81.427176475971805303 80.002406492136856286 78.590211706747140852 77.190592119802431625 75.803547731302955981 74.429078541248600231 73.067184549639364377 71.717865756475248418 70.38112216175636604 69.056953765482603558 67.74536056765396097 66.446342568270438278 65.159899767332149167 63.886032164838979952 62.624739760790930632 61.376022555188001206 60.139880548030305363 58.916313739317729414 57.705322129050273361 56.506905717227937203 55.321064503850720939 54.147798488918738258 52.987107672431761785 51.83899205439013258 50.703451634793395897 49.580486413642120169 48.47009639093585065 47.372281566674587339 46.287041940858671296 45.214377513487761462 44.154288284562085209 43.106774254081301478 42.071835422045978703 41.049471788455662136 40.039683353310692837 39.042470116610502373
91.752671919280373913 90.239875546329358258 88.739654371823462498 87.252008395762914006 85.776937618147485409 84.314442038977176708 82.864521658251874214 81.427176475971805303 80.002406492136856286 78.590211706747140852 77.190592119802431625 75.803547731302955981 74.429078541248600231 73.067184549639364377 71.717865756475248418 70.38112216175636604 69.056953765482603558 67.74536056765396097 66.446342568270438278 65.159899767332149167 63.886032164838979952 62.624739760790930632 61.376022555188001206 60.139880548030305363 58.916313739317729414 57.705322129050273361 56.506905717227937203 55.321064503850720939 54.147798488918738258 52.987107672431761785 51.83899205439013258 50.703451634793395897 49.580486413642120169 48.47009639093585065 47.372281566674587339 46.287041940858671296 45.214377513487761462 44.154288284562085209 43.106774254081301478 42.071835422045978703 41.049471788455662136 40.039683353310692837 39.042470116610502373
91.752671919280373913 90.239875546329358258 88.739654371823462498 87.252008395762914006 85.776937618147485409 84.314442038977176708 82.864521658251874214 81.427176475971805303 80.002406492136856286 78.590211706747140852 77.190592119802431625 75.803547731302955981 74.429078541248600231 73.067184549639364377 71.717865756475248418 70.38112216175636604 69.056953765482603558 67.74536056765396097 66.446342568270438278 65.159899767332149167 63.886032164838979952 62.624739760790930632 61.376022555188001206 60.139880548030305363 58.916313739317729414 57.705322129050273361 56.506905717227937203 55.321064503850720939 54.147798488918738258 52.987107672431761785 51.83899205439013258 50.703451634793395897 49.580486413642120169 48.47009639093585065 47.372281566674587339 46.287041940858671296 45.214377513487761462 44.154288284562085209 43.106774254081301478 42.071835422045978703 41.049471788455662136 40.039683353310692837 39.042470116610502373
91.752671919280373913 90.239875546329358258 88.739654371823462498 87.252008395762914006 85.776937618147485409 84.314442038977176708 82.864521658251874214 81.427176475971805303 80.002406492136856286 78.590211706747140852 77.190592119802431625 75.803547731302955981 74.429078541248600231 73.067184549639364377 71.717865756475248418 70.38112216175636604 69.056953765482603558 67.74536056765396097 66.446342568270438278 65.159899767332149167 63.886032164838979952 62.624739760790930632 61.376022555188001206 60.139880548030305363 58.916313739317729414 57.705322129050273361 56.506905717227937203 55.321064503850720939 54.147798488918738258 52.987107672431761785 51.83899205439013258 50.703451634793395897 49.580486413642120169 48.47009639093585065 47.372281566674587339 46.287041940858671296 45.214377513487761462 44.154288284562085209 43.106774254081301478 42.071835422045978703 41.049471788455662136 40.039683353310692837 39.042470116610502373
91.752671919280373913 90.239875546329358258 88.739654371823462498 87.252008395762914006 85.776937618147485409 84.314442038977176708 82.864521658251874214 81.427176475971805303 80.002406492136856286 78.590211706747140852 77.190592119802431625 75.803547731302955981 74.429078541248600231 73.067184549639364377 71.717865756475248418 70.38112216175636604 69.056953765482603558 67.74536056765396097 66.446342568270438278 65.159899767332149167 63.886032164838979952 62.624739760790930632 61.376022555188001206 60.139880548030305363 58.916313739317729414 57.705322129050273361 56.506905717227937203 55.321064503850720939 54.147798488918738258 52.987107672431761785 51.83899205439013258 50.703451634793395897 49.580486413642120169 48.47009639093585065 47.372281566674587339 46.287041940858671296 45.214377513487761462 44.154288284562085209 43.106774254081301478 42.071835422045978703 41.049471788455662136 40.039683353310692837 39.042470116610502373
91.752671919280373913 90.239875546329358258 88.739654371823462498 87.252008395762914006 85.776937618147485409 84.314442038977176708 82.864521658251874214 81.427176475971805303 80.002406492136856286 78.590211706747140852 77.190592119802431625 75.803547731302955981 74.429078541248600231 73.067184549639364377 71.717865756475248418 70.38112216175636604 69.056953765482603558 67.74536056765396097 66.446342568270438278 65.159899767332149167 63.886032164838979952 62.624739760790930632 61.376022555188001206 60.139880548030305363 58.916313739317729414 57.705322129050273361 56.506905717227937203 55.321064503850720939 54.147798488918738258 52.987107672431761785 51.83899205439013258 50.703451634793395897 49.580486413642120169 48.47009639093585065 47.372281566674587339 46.287041940858671296 45.214377513487761462 44.154288284562085209 43.106774254081301478 42.071835422045978703 41.049471788455662136 40.039683353310692837 39.042470116610502373
91.752671919280373913 90.239875546329358258 88.739654371823462498 87.252008395762914006 85.776937618147485409 84.314442038977176708 82.864521658251874214 81.427176475971805303 80.002406492136856286 78.590211706747140852 77.190592119802431625 75.803547731302955981 74.429078541248600231 73.067184549639364377 71.717865756475248418 70.38112216175636604 69.056953765482603558 67.74536056765396097 66.446342568270438278 65.159899767332149167 63.886032164838979952 62.624739760790930632 61.376022555188001206 60.139880548030305363 58.916313739317729414 57.705322129050273361 56.506905717227937203 55.321064503850720939 54.147798488918738258 52.987107672431761785 51.83899205439013258 50.703451634793395897 49.580486413642120169 48.47009639093585065 47.372281566674587339 46.287041940858671296 45.214377513487761462 44.154288284562085209 43.106774254081301478 42.071835422045978703 41.049471788455662136 40.039683353310692837 39.042470116610502373
91.752671919280373913 90.239875546329358258 88.739654371823462498 87.252008395762914006 85.776937618147485409 84.314442038977176708 82.864521658251874214 81.427176475971805303 80.002406492136856286 78.590211706747140852 77.190592119802431625 75.803547731302955981 74.429078541248600231 73.067184549639364377 71.717865756475248418 70.38112216175636604 69.056953765482603558 67.74536056765396097 66.446342568270438278 65.159899767332149167 63.886032164838979952 62.624739760790930632 61.376022555188001206 60.139880548030305363 58.916313739317729414 57.705322129050273361 56.506905717227937203 55.321064503850720939 54.147798488918738258 52.987107672431761785 51.83899205439013258 50.703451634793395897 49.580486413642120169 48.47009639093585065 47.372281566674587339 46.287041940858671296 45.214377513487761462 44.154288284562085209 43.106774254081301478 42.071835422045978703 41.049471788455662136 40.039683353310692837 39.042470116610502373
91.752671919280373913 90.239875546329358258 88.739654371823462498 87.252008395762914006 85.776937618147485409 84.314442038977176708 82.864521658251874214 81.427176475971805303 80.002406492136856286 78.590211706747140852 77.190592119802431625 75.803547731302955981 74.429078541248600231 73.067184549639364377 71.717865756475248418 70.38112216175636604 69.056953765482603558 67.74536056765396097 66.446342568270438278 65.159899767332149167 63.886032164838979952 62.624739760790930632 61.376022555188001206 60.139880548030305363 58.916313739317729414 57.705322129050273361 56.506905717227937203 55.321064503850720939 54.147798488918738258 52.987107672431761785 51.83899205439013258 50.703451634793395897 49.580486413642120169 48.47009639093585065 47.372281566674587339 46.287041940858671296 45.214377513487761462 44.154288284562085209 43.106774254081301478 42.071835422045978703 41.049471788455662136 40.039683353310692837 39.042470116610502373
91.752671919280373913 90.239875546329358258 88.739654371823462498 87.252008395762914006 85.776937618147485409 84.314442038977176708 82.864521658251874214 81.427176475971805303 80.002406492136856286 78.590211706747140852 77.190592119802431625 75.803547731302955981 74.429078541248600231 73.067184549639364377 71.717865756475248418 70.38112216175636604 69.056953765482603558 67.74536056765396097 66.446342568270438278 65.159899767332149167 63.886032164838979952 62.624739760790930632 61.376022555188001206 60.139880548030305363 58.916313739317729414 57.705322129050273361 56.506905717227937203 55.321064503850720939 54.147798488918738258 52.987107672431761785 51.83899205439013258 50.703451634793395897 49.580486413642120169 48.47009639093585065 47.372281566674587339 46.287041940858671296 45.214377513487761462 44.154288284562085209 43.106774254081301478 42.071835422045978703 41.049471788455662136 40.039683353310692837 39.042470116610502373
91.752671919280373913 90.239875546329358258 88.739654371823462498 87.252008395762914006 85.776937618147485409 84.314442038977176708 82.864521658251874214 81.427176475971805303 80.002406492136856286 78.590211706747140852 77.190592119802431625 75.803547731302955981 74.429078541248600231 73.067184549639364377 71.717865756475248418 70.38112216175636604 69.056953765482603558 67.74536056765396097 66.446342568270438278 65.159899767332149167 63.886032164838979952 62.624739760790930632 61.376022555188001206 60.139880548030305363 58.916313739317729414 57.705322129050273361 56.506905717227937203 55.321064503850720939 54.147798488918738258 52.987107672431761785 51.83899205439013258 50.703451634793395897 49.580486413642120169 48.47009639093585065 47.372281566674587339 46.287041940858671296 45.214377513487761462 44.154288284562085209 43.106774254081301478 42.071835422045978703 41.049471788455662136 40.039683353310692837 39.042470116610502373
91.752671919280373913 90.239875546329358258 88.739654371823462498 87.252008395762914006 85.776937618147485409 84.314442038977176708 82.864521658251874214 81.427176475971805303 80.002406492136856286 78.590211706747140852 77.190592119802431625 75.803547731302955981 74.429078541248600231 73.067184549639364377 71.717865756475248418 70.38112216175636604 69.056953765482603558 67.74536056765396097 66.446342568270438278 65.159899767332149167 63.886032164838979952 62.624739760790930632 61.376022555188001206 60.139880548030305363 58.916313739317729414 57.705322129050273361 56.506905717227937203 55.321064503850720939 54.147798488918738258 52.987107672431761785 51.83899205439013258 50.703451634793395897 49.580486413642120169 48.47009639093585065 47.372281566674587339 46.287041940858671296 45.214377513487761462 44.154288284562085209 43.106774254081301478 42.071835422045978703 41.049471788455662136 40.039683353310692837 39.042470116610502373
91.752671919280373913 90.239875546329358258 88.739654371823462498 87.252008395762914006 85.776937618147485409 84.314442038977176708 82.864521658251874214 81.427176475971805303 80.002406492136856286 78.590211706747140852 77.190592119802431625 75.803547731302955981 74.429078541248600231 73.067184549639364377 71.717865756475248418 70.38112216175636604 69.056953765482603558 67.74536056765396097 66.446342568270438278 65.159899767332149167 63.886032164838979952 62.624739760790930632 61.376022555188001206 60.139880548030305363 58.916313739317729414 57.705322129050273361 56.506905717227937203 55.321064503850720939 54.147798488918738258 52.987107672431761785 51.83899205439013258 50.703451634793395897 49.580486413642120169 48.47009639093585065 47.372281566674587339 46.287041940858671296 45.214377513487761462 44.154288284562085209 43.106774254081301478 42.071835422045978703 41.049471788455662136 40.039683353310692837 39.042470116610502373
91.752671919280373913 90.239875546329358258 88.739654371823462498 87.252008395762914006 85.776937618147485409 84.314442038977176708 82.864521658251874214 81.427176475971805303 80.002406492136856286 78.590211706747140852 77.190592119802431625 75.803547731302955981 74.429078541248600231 73.067184549639364377 71.717865756475248418 70.38112216175636604 69.056953765482603558 67.74536056765396097 66.446342568270438278 65.159899767332149167 63.886032164838979952 62.624739760790930632 61.376022555188001206 60.139880548030305363 58.916313739317729414 57.705322129050273361 56.506905717227937203 55.321064503850720939 54.147798488918738258 52.987107672431761785 51.83899205439013258 50.703451634793395897 49.580486413642120169 48.47009639093585065 47.372281566674587339 46.287041940858671296 45.214377513487761462 44.154288284562085209 43.106774254081301478 42.071835422045978703 41.049471788455662136 40.039683353310692837 39.042470116610502373
